node_id,0,1,2,3,4,5,6,7,8,9,10,11,12,13,14,15,16,17,18,19,20,21,22,23,24,25,26,27,28,29,30,31,32,33,34,35,36,37,38,39,40,41,42,43,44,45,46,47,48,49,50,51,52,53,54,55,56,57,58,59,60,61,62,63,64,65,66,67,68,69,70,71,72,73,74,75,76,77,78,79,80,81,82,83,84,85,86,87,88,89,90,91,92,93,94,95,96,97,98,99
0,0.000000,65.180262,145.589408,236.055291,302.171985,383.551984,448.626847,521.519871,595.975918,667.594713,86.676142,93.019198,172.422057,217.623029,287.349638,368.984022,459.184506,528.458310,590.374056,674.300780,177.350409,190.419908,201.142489,275.883314,328.338956,392.308446,502.011309,526.400961,637.620036,669.132522,243.765119,266.940665,267.726519,305.462478,389.352088,441.575662,528.071929,573.107252,651.492956,735.697328,283.227143,318.375531,346.366679,395.291569,437.887789,463.690721,557.469647,631.660925,699.231646,776.749033,363.401215,390.335976,435.208170,427.115260,511.394603,576.112701,604.977270,673.523091,726.275936,771.143888,449.254308,475.270998,488.694960,505.340125,560.735607,591.388043,656.450843,719.748968,773.369366,840.386648,532.308463,553.796735,534.818879,569.317611,599.074182,686.682468,712.034635,772.948792,797.156848,891.747328,577.997511,592.764807,640.876074,642.195050,687.290760,731.907305,787.598156,842.202610,889.490604,920.155173,690.851232,704.043914,717.871107,707.469359,779.410279,815.731113,872.340605,869.802780,918.229055,990.229213
1,65.180262,0.000000,83.506083,174.484840,244.417081,321.792068,387.182620,461.620367,535.557345,607.320368,78.236245,43.331272,107.268283,152.718051,223.451091,304.800374,395.405353,464.817322,526.477327,611.902889,174.137373,152.091670,142.044715,214.999148,263.207165,327.146571,436.877688,461.405682,572.965971,604.911501,231.204180,227.713950,216.876499,246.935687,327.064799,377.931086,463.065566,508.168490,586.333281,670.722920,267.461945,288.204399,297.705966,342.893510,379.520871,402.089171,494.511555,567.509626,634.222010,711.677578,342.011730,354.648579,390.354873,377.704503,454.666784,516.701459,542.968426,610.124301,662.754539,706.750022,424.239050,440.322012,447.666869,456.839198,509.401008,534.692766,596.453484,657.510655,711.008144,776.498689,511.253636,522.964127,494.363249,523.594639,549.304280,631.496177,653.539850,713.954944,735.723164,829.642375,555.854586,562.935125,603.085719,597.078357,640.080171,680.302917,732.495027,783.740348,829.285717,859.306202,664.060160,673.295507,682.264679,665.877413,731.559054,765.021546,818.042449,812.730875,859.734651,931.063338
2,145.589408,83.506083,0.000000,91.014174,161.952441,238.461100,303.783462,378.135072,452.052637,523.814425,146.532047,92.073426,48.316888,77.115944,142.237957,224.031225,313.759436,382.946540,444.973672,528.917446,229.122104,169.641814,114.378363,170.032583,191.750545,254.009834,360.347053,383.413856,493.196818,523.980195,271.759934,232.667598,200.291252,207.511563,271.253692,315.374923,391.369848,436.890265,509.927230,592.305378,301.747282,302.354708,279.387226,314.258445,334.845122,347.080191,433.411681,500.809091,561.833663,638.452169,365.256622,356.787256,375.288513,354.171445,412.585254,466.618242,484.794386,546.474798,598.356616,638.268923,439.536336,440.527398,437.658539,432.817560,478.515338,491.387944,543.900829,597.765975,650.582330,710.179113,529.637955,527.400735,484.164067,503.444526,520.926146,590.579466,604.509377,663.209743,678.099571,769.566875,571.901813,568.068576,595.266166,576.803445,615.364313,646.565809,690.878913,733.927881,774.735477,802.857162,672.004023,675.385758,676.834711,650.866574,704.661204,732.331474,777.600192,766.114037,809.465988,878.830345
3,236.055291,174.484840,91.014174,0.000000,76.430224,147.536674,212.787649,287.373802,361.104655,432.881299,231.572752,176.706027,88.783255,50.675347,58.843362,138.076902,225.222617,293.819649,356.203019,438.253622,302.377271,222.913401,142.810145,157.389850,128.034170,181.912778,279.499269,300.044311,406.631060,435.796628,332.195830,266.152075,216.770452,194.890798,226.877412,257.748452,317.388047,362.756147,427.863450,507.200832,355.384161,338.056450,283.509565,303.143891,301.733740,299.009896,373.722187,432.128166,484.833544,559.871972,405.855343,377.147060,376.044702,346.407841,378.977340,420.833840,427.895516,481.249784,531.531414,565.806917,469.423047,454.885870,441.091947,420.502252,456.365568,453.586728,493.151670,536.952478,588.296741,639.959927,559.928231,543.384933,485.667377,493.103704,500.484104,553.449757,557.141227,612.872450,619.052344,706.692275,598.838492,583.756005,596.361490,564.351287,596.965800,617.033064,651.277152,683.911975,718.576803,744.169036,688.588579,685.678778,678.953953,642.834435,682.182911,702.732090,738.341008,719.621429,758.188156,824.676701
4,302.171985,244.417081,161.952441,76.430224,0.000000,92.992335,152.367581,220.222564,295.126168,366.345631,306.493510,251.481704,165.197446,123.400953,76.233507,112.083331,179.987634,243.468968,305.671356,378.257800,378.789900,297.540094,215.039983,213.024258,147.141026,178.411902,251.362550,265.581746,361.599131,385.862558,407.109876,334.843632,281.051013,246.567388,251.659003,265.905382,299.584151,342.849653,392.363300,464.136391,428.668486,406.023483,338.939628,348.738400,331.142655,314.770993,373.071214,418.064588,457.197007,528.466769,474.669873,437.951356,426.409164,392.431404,404.502407,433.663769,428.674604,470.563344,517.758020,543.754183,533.190797,511.232224,491.504263,461.216223,488.924179,473.058183,498.960663,530.577590,579.280109,620.063848,622.985941,599.374215,534.056196,533.549224,533.372109,571.321003,565.127245,616.882634,613.411149,695.447477,659.968619,639.133596,642.860460,602.056624,629.751447,640.537949,665.329458,687.293720,714.972221,737.453569,743.531648,736.977782,725.216393,682.630527,710.655536,725.075901,751.673222,726.175520,759.437403,822.262817
5,383.551984,321.792068,238.461100,147.536674,92.992335,0.000000,65.504087,142.857339,214.789628,286.526115,373.832362,320.061751,226.429527,177.646487,104.394560,53.902956,87.417851,150.833475,213.274714,290.894569,432.472169,340.779614,255.929872,225.059780,129.486636,123.424011,164.769046,175.268345,268.612533,293.502703,448.201317,359.507079,299.921825,248.402919,217.509223,210.969590,218.256889,258.813866,300.543213,371.145822,462.750186,426.150117,338.652989,333.041698,295.324015,264.182317,303.031034,336.352755,367.657121,437.275470,494.825884,442.364963,413.874977,374.974488,360.079493,374.381749,358.215465,390.307373,434.892620,456.127729,540.725912,505.547150,476.807829,433.575122,449.904758,419.495868,431.338749,452.549782,498.877221,533.055305,627.360542,591.096612,515.137602,503.424552,493.568661,513.870141,498.287052,545.889760,535.011945,612.775161,659.951601,629.102706,618.902086,566.819907,587.863244,587.860453,602.720919,615.056180,637.206347,657.411390,731.254018,718.864773,699.671935,648.758672,662.515804,670.060848,687.482092,656.214325,684.949425,744.699211
6,448.626847,387.182620,303.783462,212.787649,152.367581,65.504087,0.000000,79.349321,149.463834,221.128820,439.034997,385.431062,291.582406,242.635378,168.941618,101.827919,56.581208,96.411442,156.182809,226.548243,495.466689,402.027867,317.739686,279.545009,179.697154,151.476718,142.708886,141.777426,215.674169,235.650142,507.962990,414.953898,354.469713,297.942125,249.525979,227.252021,201.811740,235.204497,256.458623,318.122436,520.224700,478.939808,384.196653,370.677656,321.590676,280.503031,297.677119,313.849406,329.384406,393.608845,546.836340,488.037147,451.185904,410.354796,377.297541,377.990967,350.338140,368.671610,408.391706,420.879250,586.625582,545.086019,511.657465,461.092716,468.936409,427.224088,424.792333,432.865844,475.159799,498.220478,670.871659,628.129978,546.799739,527.891861,511.135481,516.088246,491.310694,533.575001,513.630697,584.523691,700.900856,664.731245,645.964550,586.655876,602.352290,593.346197,598.676545,600.492064,615.622902,632.607292,764.668409,748.764718,724.863790,668.598546,671.045983,672.513828,680.964444,643.843433,667.083910,722.586964
7,521.519871,461.620367,378.135072,287.373802,220.222564,142.857339,79.349321,0.000000,75.013283,146.160297,516.366830,462.292437,369.099165,320.451670,247.214714,180.616255,110.765922,92.487265,126.871948,164.088273,574.623770,481.377106,397.055518,357.827649,257.510648,221.929223,176.541947,161.522924,189.028653,195.213840,587.186043,493.177599,432.531301,374.407575,317.923476,286.237981,233.399107,255.067198,243.960295,284.711999,598.944469,556.032016,458.200223,440.266703,384.431997,337.168819,334.090460,329.794021,322.207376,375.060363,623.439628,561.535351,519.762879,478.044353,431.880929,420.304848,381.801687,383.269337,415.225250,414.897634,659.878223,614.500335,578.052077,522.540242,523.383296,472.248837,455.337025,447.814603,483.845404,490.903616,742.381519,695.375215,610.581306,586.162669,563.724717,553.973771,519.834434,555.175516,524.493322,584.992832,770.608565,730.775060,705.386748,640.392861,651.087358,633.442268,628.649881,618.317012,624.479910,637.018514,828.590559,809.941258,782.220832,721.633862,713.355264,708.592595,707.167990,663.699953,679.967617,729.447598
8,595.975918,535.557345,452.052637,361.104655,295.126168,214.789628,149.463834,75.013283,0.000000,71.791976,588.498831,534.846315,441.045865,392.082875,318.322749,246.365079,163.386761,112.059857,104.397110,94.921488,643.264059,548.258136,464.901257,419.992348,319.734174,275.229131,201.934322,177.710160,155.148063,145.939265,652.035852,554.350030,493.591098,432.508702,365.607941,324.802094,249.848439,258.722296,217.847213,235.690262,661.321246,614.108183,511.231190,487.098300,423.986665,371.343113,348.216808,324.596500,295.620618,335.727533,680.150824,612.894855,564.254882,521.855775,461.152843,437.065548,389.094616,374.320689,397.792859,385.627049,710.235770,659.294064,619.039482,557.986445,550.746990,490.467046,459.370672,437.009722,466.185578,458.453003,789.524616,736.564090,647.887185,617.028661,588.407550,563.206019,520.342219,548.233237,507.953122,557.788679,814.876020,770.099782,736.448663,665.400322,670.391221,643.741555,628.711287,606.694245,604.341824,612.625294,864.521172,842.441806,810.206729,745.038443,725.047224,713.829674,702.494850,653.387492,662.839034,706.192733
9,667.594713,607.320368,523.814425,432.881299,366.345631,286.526115,221.128820,146.160297,71.791976,0.000000,660.123134,606.556860,512.667955,463.660826,389.841490,316.617373,230.696100,170.956920,138.747426,62.409477,713.723261,618.067647,535.228207,487.959377,388.236259,340.208404,254.818119,226.967237,166.023772,138.912892,720.751281,621.367369,560.737980,498.392215,426.359995,380.870008,294.243849,293.163832,228.654075,217.316297,728.740057,679.240075,573.840970,546.088644,478.991786,423.679255,386.884881,348.270628,300.115352,323.926850,744.289859,673.971198,621.155861,578.623112,508.582158,475.530010,421.128649,392.692688,407.307952,383.335067,770.278887,715.834739,673.191267,608.708020,595.618180,529.112059,486.953006,451.789577,473.626546,450.644934,847.132400,790.208451,699.241217,663.884118,630.827261,593.425729,543.679526,564.338170,515.607950,553.687215,870.389932,822.243928,782.598223,707.362594,707.760116,673.887878,650.076614,617.501327,606.815126,610.643668,913.740443,889.138199,853.546885,785.134063,755.611262,738.900060,718.720955,664.851185,667.570145,704.280382
10,86.676142,78.236245,146.532047,231.572752,306.493510,373.832362,439.034997,516.366830,588.498831,660.123134,0.000000,55.013476,147.455781,196.494956,270.379029,347.719678,438.816787,508.017185,567.801905,658.776350,97.401826,108.680866,144.960310,218.902750,291.926427,355.247125,467.733674,494.717735,608.941071,643.779750,159.628052,183.462380,193.520395,241.672495,332.986159,389.640611,485.140423,528.736972,614.759045,702.611600,198.237253,231.858669,268.029423,320.041132,370.848673,403.868064,501.084390,580.264061,654.859468,733.000037,277.318250,304.574881,353.087268,348.468888,440.667385,509.707209,544.899585,618.018996,670.998665,720.423298,362.776288,389.148533,404.352792,425.344031,482.924704,519.997068,590.761435,659.651184,713.404040,786.339389,446.575696,467.147058,450.112625,487.082074,519.653809,612.634372,643.014817,704.609047,734.306465,830.497185,492.084393,506.088918,555.150419,559.384458,605.649181,653.667674,713.075878,772.623131,823.265457,855.353232,604.328359,617.372615,631.627972,622.866072,697.994762,736.459644,796.594876,797.818151,848.486819,921.564612
11,93.019198,43.331272,92.073426,176.706027,251.481704,320.061751,385.431062,462.292437,534.846315,606.556860,55.013476,0.000000,94.490231,143.574261,217.349301,296.163472,387.414369,456.835352,517.332402,606.706166,140.568041,108.760410,108.530132,183.702176,245.120581,309.138229,420.942308,447.014175,560.445245,594.271659,192.173278,184.521637,176.653647,212.480052,297.821435,351.613824,442.283537,486.723928,569.340748,655.867630,227.007438,245.037636,256.765664,303.754145,344.869038,371.516062,466.320385,542.329065,613.082487,691.012612,299.853810,311.357903,348.374877,337.196896,418.534326,483.142576,512.936147,582.801576,635.684256,682.259053,381.378316,397.030897,404.961585,416.067674,469.879295,498.556549,563.557138,627.802628,681.490871,750.313002,468.814620,479.647766,451.602417,481.975844,509.106516,594.261941,619.017707,679.933707,704.695280,799.639709,513.214103,519.639910,560.043618,555.340567,598.986134,641.003120,695.230592,749.189569,796.605292,827.435027,620.894037,629.969213,639.062382,623.390170,690.722068,725.332198,780.274648,776.946647,825.216392,897.216007
12,172.422057,107.268283,48.316888,88.783255,165.197446,226.429527,291.582406,369.099165,441.045865,512.667955,147.455781,94.490231,0.000000,49.132633,123.010068,201.806214,293.051299,362.513570,423.271497,512.215972,213.594984,137.770031,69.017698,122.030853,155.943230,219.886485,330.027184,355.085880,467.603408,500.688965,245.656968,192.138292,154.392743,159.259237,226.407306,273.609841,355.919704,401.108091,479.322429,564.363233,271.467075,263.408798,232.217714,266.008210,287.503917,302.260387,391.223408,461.757202,527.056214,604.446364,328.752962,313.267454,328.109575,306.144046,365.027111,420.660819,441.439872,505.714944,558.049736,600.488716,399.271512,395.931450,391.028273,384.655334,430.212686,444.117394,498.724022,555.206103,608.369371,671.053068,489.812908,483.438924,437.367186,455.462561,472.609616,543.070093,558.482699,617.666264,634.761112,727.291233,531.082864,524.132416,548.605578,528.751959,567.088732,598.422574,643.536781,688.203583,730.391379,759.177563,628.479978,630.448710,630.432870,603.199477,656.344653,684.157504,730.144995,719.687058,763.907275,833.843407
13,217.623029,152.718051,77.115944,50.675347,123.400953,177.646487,242.635378,320.451670,392.082875,463.660826,196.494956,143.574261,49.132633,0.000000,73.894354,153.133164,244.304908,313.802333,374.850798,463.162194,258.232208,174.146275,92.403591,112.893768,114.653844,177.046464,284.721773,308.785607,420.309743,452.707114,283.732133,215.487727,167.005854,151.463744,199.454095,239.854578,314.329961,359.830443,434.330816,518.074478,305.636064,287.407724,236.622420,260.827992,268.722530,274.601651,357.858774,423.877655,484.953720,561.761315,355.180702,327.822843,330.680732,303.348168,346.775299,395.602683,410.078127,470.021775,521.708376,561.163109,419.247807,406.790853,395.347519,379.433504,419.265266,423.922403,471.265025,522.251455,574.794310,633.206189,509.825701,495.214634,440.593606,451.666035,462.854459,523.747733,533.264826,590.959128,603.121981,693.747899,549.124027,535.719327,551.712615,523.883201,558.814974,583.720426,623.111792,661.899646,700.681371,728.094659,640.547894,638.916066,634.194338,601.047749,645.883508,669.625501,710.134386,695.489513,737.068986,805.506479
14,287.349638,223.451091,142.237957,58.843362,76.233507,104.394560,168.941618,247.214714,318.322749,389.841490,270.379029,217.349301,123.010068,73.894354,0.000000,81.797916,171.954868,241.376188,303.069682,389.651303,328.512631,238.723041,153.752638,138.463490,76.166031,123.923181,221.098746,242.466079,351.042034,381.816843,347.453487,265.934186,209.382960,170.725277,180.284277,203.705845,258.616505,303.948623,369.947497,450.648374,364.932835,335.796707,263.334247,272.622279,258.609622,248.396451,317.737895,373.824040,426.060526,501.282052,404.783234,363.469541,350.179935,316.330484,333.861334,369.592962,372.490628,423.480279,473.394670,507.017987,459.676507,435.459923,415.270792,385.950951,415.887231,405.494674,439.492889,480.063771,530.966699,581.309927,548.965403,523.471889,457.883946,458.447126,460.322554,504.843999,504.399522,558.872534,562.443009,649.094046,585.175273,563.131313,566.885269,527.689873,556.897403,571.413771,601.123577,629.818051,662.559318,687.461710,667.446775,660.745124,649.302356,607.831980,639.498737,656.619605,688.002594,666.634532,703.528462,769.059527
15,368.984022,304.800374,224.031225,138.076902,112.083331,53.902956,101.827919,180.616255,246.365079,316.617373,347.719678,296.163472,201.806214,153.133164,81.797916,0.000000,91.252011,160.709092,221.791888,311.117561,397.105941,301.941778,218.623669,177.776596,78.576332,72.498206,143.269800,162.166683,269.283450,300.155977,406.745562,313.169288,252.760855,197.738179,163.849494,161.711968,187.989671,231.933328,290.162376,369.257501,418.431307,377.748645,286.513981,279.286053,242.189470,213.960121,262.391357,306.232039,349.864724,423.536004,445.960382,390.423485,360.152700,321.105239,308.755165,328.039961,318.032554,358.514471,406.029121,434.136644,488.957229,452.163814,422.948454,379.979248,397.755274,371.052952,389.506293,418.544922,467.211098,509.850806,574.905070,537.433113,461.242655,450.135712,441.661715,467.160706,456.128632,506.398591,501.376841,583.565509,606.906169,575.328281,565.226210,514.260322,536.551093,539.518454,558.481496,576.491283,603.021991,625.370539,677.379503,664.991779,646.148152,596.097386,612.876194,622.674974,644.145262,616.159968,648.081832,710.364691
16,459.184506,395.405353,313.759436,225.222617,179.987634,87.417851,56.581208,110.765922,163.386761,230.696100,438.816787,387.414369,293.051299,244.304908,171.954868,91.252011,0.000000,69.503965,131.215023,220.419338,485.209351,388.400559,306.886143,257.273643,157.671974,112.729476,86.728894,90.059674,182.641478,210.575047,490.106556,391.111824,330.385514,269.152326,207.313754,176.923630,145.475330,180.432992,213.249188,284.692486,498.275738,450.842417,349.554242,329.695622,274.208219,229.104510,241.175530,259.143162,281.861768,350.206858,517.203811,452.285664,409.025063,367.279248,325.213594,322.281459,293.759055,313.901729,355.212836,371.721169,550.350957,503.811621,467.362507,412.924592,416.980603,372.141386,368.211506,377.760962,421.193772,448.962719,632.062132,584.638855,500.363058,477.887942,458.482501,459.945728,434.742811,477.368949,459.063189,532.295297,659.919403,620.167999,596.715889,534.558456,548.491089,537.555303,542.100575,544.622499,561.224890,579.185325,718.435751,700.638459,674.552186,616.296920,615.687327,616.281749,624.414259,587.708670,611.847966,668.422508
17,528.458310,464.817322,382.946540,293.819649,243.468968,150.833475,96.411442,92.487265,112.059857,170.956920,508.017185,456.835352,362.513570,313.802333,241.376188,160.709092,69.503965,0.000000,62.592859,152.542931,552.229806,454.627870,374.414430,320.872609,223.324512,170.448565,90.735928,70.370567,119.435260,142.747630,554.091604,452.399240,392.086548,328.647271,255.628795,212.831761,143.464425,162.606516,162.118542,222.081026,560.028557,508.753628,402.886265,376.190414,311.965506,259.443702,244.074030,237.588354,237.734975,298.491697,573.444957,503.291238,452.637693,410.179974,350.395956,331.670659,290.150304,291.392882,325.248454,330.301251,599.999701,547.628151,507.006272,446.158682,440.765320,384.411474,363.307869,356.040815,393.552349,407.322325,678.213217,624.518114,535.927521,506.118472,479.488770,463.154099,427.498314,462.790534,433.725883,497.859507,703.041749,658.056950,625.610747,556.474639,564.121855,543.036381,536.347415,526.357131,534.437895,548.442486,752.794458,731.331375,700.345675,636.887142,623.471020,617.064051,614.680915,571.529895,588.970802,640.172809
18,590.374056,526.477327,444.973672,356.203019,305.671356,213.274714,156.182809,126.871948,104.397110,138.747426,567.801905,517.332402,423.271497,374.850798,303.069682,221.791888,131.215023,62.592859,0.000000,101.804522,608.371695,510.015017,431.694966,374.186903,279.615583,222.114855,121.107599,91.343975,62.649257,80.229243,606.538928,502.430141,442.947474,378.056972,297.284102,246.982926,155.558108,156.745907,118.417109,162.878796,610.006222,555.059532,445.806236,413.448332,343.300805,286.716149,249.128815,220.225188,197.125634,248.303459,617.714756,543.025924,486.176261,443.716770,369.926469,338.061229,286.664030,270.089809,295.455343,289.319815,637.708257,580.287349,536.283282,470.567398,456.913893,391.676364,355.762577,333.136240,364.139081,364.684585,712.093648,652.871203,561.173315,525.142074,492.468331,460.491782,416.118348,444.011287,405.632229,460.541396,733.896378,684.304780,643.861230,569.151886,571.041334,541.102149,524.382748,503.235915,503.545109,513.864303,775.120110,750.393473,715.126875,647.479146,622.626547,609.983657,598.179515,549.722631,560.981014,606.976976
19,674.300780,611.902889,528.917446,438.253622,378.257800,290.894569,226.548243,164.088273,94.921488,62.409477,658.776350,606.706166,512.215972,463.162194,389.651303,311.117561,220.419338,152.542931,101.804522,0.000000,704.766217,607.141090,526.845534,472.815995,375.853484,321.320230,222.885363,192.956994,110.067461,77.839473,705.849735,602.836935,542.959706,478.567775,399.060779,348.460843,252.807770,244.510105,170.147662,155.398340,710.498427,656.524683,547.584262,514.972736,443.870153,386.520186,339.085621,292.728570,238.953394,261.660773,719.451380,644.725266,586.879426,544.508533,465.886355,426.533657,368.852945,334.601883,346.615800,321.047971,739.105402,680.579038,635.555859,568.106940,550.185624,479.785252,431.892300,392.219641,412.316477,388.278306,812.562586,751.493045,658.700107,619.611903,583.388259,539.023397,486.532812,504.739189,454.245204,491.278085,833.349036,781.926843,737.246256,659.242360,656.708589,619.136877,591.861761,556.536862,544.682929,548.259146,870.482524,843.874994,805.881412,735.494106,700.811986,681.806019,658.830108,603.946859,605.618226,641.884534
20,177.350409,174.137373,229.122104,302.377271,378.789900,432.472169,495.466689,574.623770,643.264059,713.723261,97.401826,140.568041,213.594984,258.232208,328.512631,397.105941,485.209351,552.229806,608.371695,704.766217,0.000000,99.013893,178.525360,236.636982,329.052197,387.380056,498.182250,527.282655,642.048740,679.875587,69.140997,142.108754,181.737753,244.875846,340.384039,400.420051,504.373822,544.760885,638.370790,728.987293,109.404072,162.291639,235.296786,291.726995,357.428717,401.689743,500.732488,585.249973,667.991226,745.646940,191.914249,239.132848,302.879988,309.490748,416.805928,492.122419,537.397885,616.072509,668.391683,723.708944,279.328674,318.475853,343.625358,379.445012,441.461271,492.371704,572.519631,649.665438,702.756034,783.849331,358.040389,388.729200,386.698134,432.607456,473.056757,577.423728,617.583275,679.517265,718.576544,816.243651,404.125161,425.859217,484.924259,501.728926,551.184050,608.015945,675.382478,744.311694,800.589115,834.849317,519.868592,537.026268,557.211725,557.622857,643.184969,687.232938,755.297827,764.504866,819.074037,893.538543
21,190.419908,152.091670,169.641814,222.913401,297.540094,340.779614,402.027867,481.377106,548.258136,618.067647,108.680866,108.760410,137.770031,174.146275,238.723041,301.941778,388.400559,454.627870,510.015017,607.141090,99.013893,0.000000,85.008624,137.627587,231.309426,288.601838,399.180808,428.328263,543.060552,581.000354,109.604849,76.781880,89.463189,148.089838,243.572089,303.193927,406.021369,446.997415,539.718311,630.173011,133.727064,137.164553,159.610159,212.732483,269.127641,308.459698,407.353885,490.335855,571.072209,648.971264,196.339469,202.768904,245.050406,239.858833,335.370537,407.047373,447.186930,523.735110,576.466258,629.699887,274.471831,288.418353,298.544431,316.694790,374.360352,413.917412,488.142754,561.021269,614.576743,692.128345,363.249775,370.943656,344.879929,379.171273,410.978793,505.046286,537.942763,599.782698,633.134941,730.174939,406.854034,411.008795,452.237887,451.869529,497.477624,545.010507,605.207908,666.931660,719.478930,752.426763,512.681660,521.226851,530.708987,517.341408,589.752858,627.791248,688.315998,690.882741,742.589919,816.151385
22,201.142489,142.044715,114.378363,142.810145,215.039983,255.929872,317.739686,397.055518,464.901257,535.228207,144.960310,108.530132,69.017698,92.403591,153.752638,218.623669,306.886143,374.414430,431.694966,526.845534,178.525360,85.008624,0.000000,75.356660,152.183097,213.418586,325.854110,353.858072,468.708664,505.150434,193.866575,124.919732,85.921342,104.919793,189.804866,245.114169,340.465996,383.846301,471.162955,559.964818,213.640917,196.808711,165.494117,204.218358,237.551425,263.027466,358.392955,435.938161,509.915585,588.062879,263.712197,244.276541,261.273721,242.155045,312.688066,375.203974,404.468947,475.109892,528.056312,576.077738,331.332603,326.978355,323.309578,321.347724,370.472052,392.692090,455.369398,519.354630,573.061986,643.021127,421.980537,414.424541,369.856996,390.895934,411.668207,489.827170,511.683072,572.292608,596.172813,691.136061,462.747118,455.118146,480.910182,464.458939,504.669689,540.603231,590.798633,641.894253,688.389625,719.019733,559.465012,561.605430,562.456863,537.351020,595.066339,625.843135,676.602975,670.686211,717.907551,789.508811
23,275.883314,214.999148,170.032583,157.389850,213.024258,225.059780,279.545009,357.827649,419.992348,487.959377,218.902750,183.702176,122.030853,112.893768,138.463490,177.776596,257.273643,320.872609,374.186903,472.815995,236.636982,137.627587,75.356660,0.000000,100.487464,152.094091,261.649092,290.963896,405.561018,443.811204,233.237001,135.410476,75.046395,38.704610,114.507713,170.840213,269.800415,312.003274,402.688061,492.819531,241.452308,201.129603,126.793220,148.066083,166.192279,187.849790,283.076973,361.361357,437.433104,515.580587,269.924568,225.075880,218.687273,190.454408,243.261261,301.906037,329.241178,399.850890,452.811773,501.520640,321.290359,299.027279,283.703998,266.893590,309.198271,322.686059,381.461337,444.100946,497.789344,567.887433,410.503026,387.444183,328.417996,338.940723,352.162561,421.286126,439.166754,499.231794,521.282420,615.971179,446.977863,427.561700,439.315239,411.413406,447.509725,476.559716,521.913342,569.277692,614.295444,644.491784,532.289633,528.409900,521.871125,488.205073,535.754642,562.354349,608.380189,599.410319,645.208785,716.203331
24,328.338956,263.207165,191.750545,128.034170,147.141026,129.486636,179.697154,257.510648,319.734174,388.236259,291.926427,245.120581,155.943230,114.653844,76.166031,78.576332,157.671974,223.324512,279.615583,375.853484,329.052197,231.309426,152.183097,100.487464,0.000000,64.135219,175.969604,202.817536,317.295142,353.136284,332.522222,235.691975,175.021014,119.273192,104.772698,129.727070,200.230565,245.599402,324.279480,410.954310,341.927212,299.309393,209.218540,207.336586,184.020355,172.417442,246.328205,309.392365,371.258536,448.532896,367.418817,312.879796,287.464412,250.427204,258.193946,293.900444,300.083727,356.327858,407.637663,446.518969,411.248303,377.447473,351.577107,315.561675,341.784862,329.329209,365.189186,410.225104,462.175581,518.641154,497.977538,463.936042,392.055620,387.495288,386.234160,428.696615,429.474216,484.871043,491.919649,580.948849,531.068390,502.595782,499.000624,455.220392,482.638695,495.429226,525.207956,555.904221,590.930143,617.059217,605.774524,595.931001,580.942428,536.090606,564.167052,580.546170,612.146955,591.894982,630.155354,696.817945
25,392.308446,327.146571,254.009834,181.912778,178.411902,123.424011,151.476718,221.929223,275.229131,340.208404,355.247125,309.138229,219.886485,177.046464,123.923181,72.498206,112.729476,170.448565,222.114855,321.320230,387.380056,288.601838,213.418586,152.094091,64.135219,0.000000,112.578969,140.486145,255.394865,292.546347,384.622173,281.969118,221.768139,158.274371,98.127282,89.327567,137.418449,182.977488,260.204634,347.364988,389.618631,339.160412,236.837129,219.374739,172.952570,141.495514,195.610389,250.248490,307.918215,384.888302,404.923250,339.760406,299.743959,258.890612,236.764240,256.410410,250.994020,299.557821,349.623381,385.224691,437.997885,393.843903,360.300521,312.155492,326.494304,298.646226,320.584294,356.511786,407.128593,458.554193,520.664767,476.655752,396.204408,380.986783,370.146778,395.189015,386.716922,438.839777,439.071513,525.175963,549.804926,513.358250,497.568299,443.521151,464.591566,467.087450,487.565676,509.452154,539.685945,563.957312,613.750665,599.044112,577.686120,525.501295,540.398978,550.421661,573.639765,547.872236,582.237223,646.538131
26,502.011309,436.877688,360.347053,279.499269,251.362550,164.769046,142.708886,176.541947,201.934322,254.818119,467.733674,420.942308,330.027184,284.721773,221.098746,143.269800,86.728894,90.735928,121.107599,222.885363,498.182250,399.180808,325.854110,261.649092,175.969604,112.578969,0.000000,30.384148,143.917292,182.813959,490.909373,384.910904,326.559124,260.865338,176.522241,126.362358,59.392851,94.582842,149.624949,234.985191,492.043056,435.063557,324.962856,292.569671,224.185323,169.731709,158.484947,173.028815,206.650830,280.499013,496.981491,421.944800,366.442897,323.914102,259.666336,243.784334,208.965667,227.635639,270.484150,292.430837,516.918740,461.033833,418.680673,356.154124,350.082390,295.752366,283.381470,291.220569,335.491594,368.955630,592.457387,535.947748,446.242978,415.422960,389.092586,378.587279,349.471624,390.868135,372.825923,448.223656,615.633505,568.776126,534.907921,466.037049,474.898485,457.528438,457.461398,457.915679,475.058201,493.823475,662.602738,640.703010,609.651132,546.696385,537.063735,534.148841,538.858885,501.138492,525.203305,582.384564
27,526.400961,461.405682,383.413856,300.044311,265.581746,175.268345,141.777426,161.522924,177.710160,226.967237,494.717735,447.014175,355.085880,308.785607,242.466079,162.166683,90.059674,70.370567,91.343975,192.956994,527.282655,428.328263,353.858072,290.963896,202.817536,140.486145,30.384148,0.000000,114.922130,152.959616,520.922328,415.142628,356.622572,291.010116,206.828929,155.641564,73.221240,95.409605,128.045949,209.322897,522.337274,465.440719,355.213531,322.106738,252.441075,196.712765,173.711964,173.195058,192.400359,262.948924,527.255463,451.768302,395.128991,352.632992,283.760413,261.509389,220.283022,227.903506,266.615506,281.694747,546.367015,489.461959,446.247748,382.217375,373.044210,314.433326,293.878939,292.449505,333.549128,358.913721,621.120090,563.243704,472.612597,439.630944,410.844454,392.889069,358.730465,396.360521,372.400540,442.964801,643.579904,595.469620,558.961562,487.852563,494.287041,472.699414,467.435270,461.582086,474.195421,490.834013,688.109198,665.116538,632.498869,567.815312,553.101075,547.123781,546.903858,505.945667,526.563733,580.993166
28,637.620036,572.965971,493.196818,406.631060,361.599131,268.612533,215.674169,189.028653,155.148063,166.023772,608.941071,560.445245,467.603408,420.309743,351.042034,269.283450,182.641478,119.435260,62.649257,110.067461,642.048740,543.060552,468.708664,405.561018,317.295142,255.394865,143.917292,114.922130,0.000000,42.098745,634.166076,527.384152,469.779000,403.906286,315.664517,259.379477,154.857867,137.691405,63.797436,102.723336,633.934168,574.372820,462.144841,423.604867,348.588253,289.806146,231.751131,182.895835,140.515716,186.080401,633.785695,554.134823,490.781218,449.034763,361.930410,317.922689,258.988646,226.744137,244.423064,230.811071,645.428504,582.675073,535.413088,465.426638,443.478703,370.859014,321.998388,286.720144,312.246476,304.786059,714.717266,649.734482,555.614645,513.538705,475.265748,429.026025,377.719220,399.113151,354.187093,402.877256,732.911088,678.608153,630.131325,550.622743,546.946765,509.219542,484.080825,454.453448,449.452039,457.491262,764.600805,736.658364,697.333909,626.136084,590.919326,572.982200,553.654932,501.551327,508.449791,551.045490
29,669.132522,604.911501,523.980195,435.796628,385.862558,293.502703,235.650142,195.213840,145.939265,138.912892,643.779750,594.271659,500.688965,452.707114,381.816843,300.155977,210.575047,142.747630,80.229243,77.839473,679.875587,581.000354,505.150434,443.811204,353.136284,292.546347,182.813959,152.959616,42.098745,0.000000,673.717123,567.448390,509.352228,443.600979,356.573646,300.901178,196.912543,178.875168,93.637433,90.463922,674.298201,615.481445,503.554123,465.528505,390.665482,331.899488,272.318282,217.958823,161.277146,190.546839,675.335908,596.062456,532.879760,491.129679,403.397846,357.416018,296.756659,257.603195,268.802225,245.445552,687.507995,624.727208,577.331960,507.057182,483.988496,409.951738,356.881619,314.490704,334.756415,315.279447,756.756065,691.431622,597.125890,554.253977,514.934465,464.274638,409.885536,426.977432,376.724638,416.885597,774.752959,720.024178,670.305833,589.822354,584.554849,543.978033,514.556835,478.813603,468.283143,473.190051,805.262205,776.728105,736.508462,664.439372,625.517466,605.030506,581.008490,526.205653,528.790635,566.926529
30,243.765119,231.204180,271.759934,332.195830,407.109876,448.201317,507.962990,587.186043,652.035852,720.751281,159.628052,192.173278,245.656968,283.732133,347.453487,406.745562,490.106556,554.091604,606.538928,705.849735,69.140997,109.604849,193.866575,233.237001,332.522222,384.622173,490.909373,520.922328,634.166076,673.717123,0.000000,108.869046,164.391608,230.270298,322.097559,381.984093,488.932627,526.240639,623.672590,715.167468,40.269645,101.403312,195.452690,251.240082,324.017170,374.279736,471.935914,558.492055,645.599180,722.077681,122.808375,177.113678,247.728323,261.103712,374.683040,452.325877,503.213056,584.297048,635.551300,694.112319,210.257282,252.559244,281.804234,324.881521,388.285405,446.406896,531.048405,612.356168,664.495482,749.994803,289.357732,320.180505,323.109221,372.681673,416.659468,526.009754,571.298587,632.857721,677.082391,774.910320,335.351459,356.968297,418.198894,439.710033,490.257112,550.882229,621.839332,695.362904,754.447557,789.746221,450.744835,468.043532,489.191775,492.296844,581.617910,627.945885,699.471799,712.724426,769.090123,843.949467
31,266.940665,227.713950,232.667598,266.152075,334.843632,359.507079,414.953898,493.177599,554.350030,621.367369,183.462380,184.521637,192.138292,215.487727,265.934186,313.169288,391.111824,452.399240,502.430141,602.836935,142.108754,76.781880,124.919732,135.410476,235.691975,281.969118,384.910904,415.142628,527.384152,567.448390,108.869046,0.000000,60.775448,124.376656,213.671512,273.347391,380.534757,417.435345,515.209791,606.759556,107.673768,71.981982,93.202287,149.622961,217.616616,265.969241,364.170359,450.326370,536.838512,613.473760,139.919920,127.250531,169.829245,169.491512,274.705102,350.363908,397.664428,477.749340,529.527661,586.868189,207.227740,212.837623,221.807927,243.571407,303.413702,350.509949,430.552683,508.773218,561.595640,644.559675,297.695847,297.148659,268.102187,303.669311,338.032324,437.375956,475.658019,537.613144,576.676089,674.405288,339.358117,337.578552,375.653864,375.931421,422.353921,472.781857,536.421916,602.893417,658.569084,692.751390,440.562982,446.873752,454.551877,440.608423,514.739111,554.456062,618.024191,624.242102,677.937144,752.205942
32,267.726519,216.876499,200.291252,216.770452,281.051013,299.921825,354.469713,432.531301,493.591098,560.737980,193.520395,176.653647,154.392743,167.005854,209.382960,252.760855,330.385514,392.086548,442.947474,542.959706,181.737753,89.463189,85.921342,75.046395,175.021014,221.768139,326.559124,356.622572,469.779000,509.352228,164.391608,60.775448,0.000000,65.935097,159.779604,220.005125,325.849462,364.687027,460.543896,551.846143,168.030373,126.780601,81.262843,127.602217,179.670787,220.281771,319.348115,403.522859,486.769465,564.230414,195.777184,160.990080,176.184047,160.828005,247.226837,317.784979,357.987737,435.253684,487.838295,542.189803,252.879106,241.913161,237.506382,239.997603,293.264723,326.476787,398.907242,471.632952,525.159253,603.464209,343.249861,329.857845,284.130094,307.667642,332.545332,419.753659,449.713548,511.420400,543.721433,640.719755,382.137992,370.519004,395.074921,381.286887,423.353031,464.422291,520.477063,579.165423,630.656486,663.335892,475.152764,476.128506,476.547341,452.636764,514.701557,548.678568,604.793030,604.406641,654.998041,728.194107
33,305.462478,246.935687,207.511563,194.890798,246.567388,248.402919,297.942125,374.407575,432.508702,498.392215,241.672495,212.480052,159.259237,151.463744,170.725277,197.738179,269.152326,328.647271,378.056972,478.567775,244.875846,148.089838,104.919793,38.704610,119.273192,158.274371,260.865338,291.010116,403.906286,443.600979,230.270298,124.376656,65.935097,0.000000,95.590067,155.544391,260.376551,299.978934,394.959151,486.156983,231.968029,181.830001,92.747883,109.389148,132.641496,162.396268,260.496202,342.433004,423.243797,501.039530,249.050104,194.829930,181.464630,151.974235,208.129335,270.663109,303.228539,377.325523,430.243871,482.068772,292.711113,264.735609,246.650280,228.189091,271.094618,288.029512,351.162307,417.988773,471.744709,545.827941,380.511910,352.808501,290.841350,300.260763,313.827549,385.765893,406.812247,467.540370,493.257043,589.044792,415.319497,392.591292,401.471282,372.708826,408.981151,439.255449,486.634173,537.022018,584.201800,615.324785,497.080695,491.867104,484.063156,449.584612,497.500970,524.942217,572.770152,565.822274,613.041881,684.802060
34,389.352088,327.064799,271.253692,226.877412,251.659003,217.509223,249.525979,317.923476,365.607941,426.359995,332.986159,297.821435,226.407306,199.454095,180.284277,163.849494,207.313754,255.628795,297.284102,399.060779,340.384039,243.572089,189.804866,114.507713,104.772698,98.127282,176.522241,206.828929,315.664517,356.573646,322.097559,213.671512,159.779604,95.590067,0.000000,60.225537,166.870147,204.908231,301.583589,393.107539,318.872163,258.992349,148.523601,122.384021,79.838654,75.879294,168.588647,247.811823,327.657795,405.453561,320.474139,247.662508,202.053875,160.860051,153.577183,196.149231,215.910502,285.344682,338.308657,387.831863,344.636904,296.603966,262.174210,216.132755,237.563233,226.710746,272.647156,330.486313,384.051521,453.447352,424.902179,378.651365,298.450189,286.612065,281.963706,326.577209,333.868851,392.035373,408.890331,502.590877,452.704311,415.235964,401.397564,352.297844,378.182959,391.295740,424.782078,462.847816,503.984758,532.977734,515.740326,501.751014,482.320116,433.736798,459.407928,476.690145,511.869708,496.037312,538.272928,607.630668
35,441.575662,377.931086,315.374923,257.748452,265.905382,210.969590,227.252021,286.237981,324.802094,380.870008,389.640611,351.613824,273.609841,239.854578,203.705845,161.711968,176.923630,212.831761,246.982926,348.460843,400.420051,303.193927,245.114169,170.840213,129.727070,89.327567,126.362358,155.641564,259.379477,300.901178,381.984093,273.347391,220.005125,155.544391,60.225537,0.000000,107.574439,144.683794,241.955012,333.540526,377.631226,315.502407,202.798626,166.512386,99.251386,53.687262,118.055330,190.854311,267.883580,345.837969,374.436738,296.514907,240.305717,197.776812,150.574762,167.766487,170.647506,232.253785,284.824412,330.969889,390.725600,335.112990,294.291787,236.302581,241.903417,209.342676,235.809740,282.450000,335.209782,398.851487,466.262444,411.854662,324.713459,301.083503,284.620818,306.040680,300.792920,355.326089,363.321377,454.194467,490.264746,445.956854,419.796022,359.600342,377.607417,377.806772,399.445104,426.329601,461.563831,488.363418,542.539896,523.832169,497.916992,441.609948,451.616976,461.101821,485.904817,462.938596,500.446299,567.200164
