node_id,0,1,2,3,4,5,6,7,8,9,10,11,12,13,14,15,16,17,18,19,20,21,22,23,24,25,26,27,28,29,30,31,32,33,34,35,36,37,38,39,40,41,42,43,44,45,46,47,48,49
0,0.000000,54.869473,135.369351,233.200237,287.379795,359.052487,440.258081,512.212719,81.956425,105.123722,182.997057,227.175881,296.540756,383.397059,461.320759,535.646049,115.645369,135.794617,214.298125,263.800523,326.023499,381.935038,483.515406,542.215058,182.826253,204.092187,258.211787,318.174548,356.433274,427.279651,490.865917,563.816243,256.947560,289.917399,327.447343,379.955475,415.415900,486.967009,552.879483,588.543127,370.679797,380.189299,401.868681,455.420199,498.383397,513.559161,598.778985,648.574960,444.167332,459.187349
1,54.869473,0.000000,80.587798,179.350479,232.892946,304.616052,385.778078,458.624738,115.607878,87.838591,142.044663,183.433430,245.573792,331.772895,409.323958,483.162955,138.370464,122.719082,189.070794,223.304252,281.676523,334.760542,436.026492,492.927595,204.660824,199.797169,240.439741,287.613683,318.947016,387.598112,447.578349,517.744464,273.792743,283.568816,312.003527,352.619412,386.034918,448.639778,514.876651,546.576066,384.466260,377.277257,388.078287,436.976051,470.220836,482.866152,563.730818,610.651166,455.822324,458.765916
2,135.369351,80.587798,0.000000,104.851090,154.857085,226.421544,307.230179,382.448766,186.798332,121.540072,113.328133,140.339644,178.661699,261.392720,337.311733,409.613516,199.600065,149.876604,183.967310,183.862101,229.950602,274.958779,373.868081,426.420950,259.350742,225.032787,241.879827,263.570227,280.093477,342.185541,393.865159,457.648592,319.267022,298.887211,312.086467,331.142037,359.759062,404.483008,470.224461,494.154102,422.227525,393.026537,387.375783,427.434957,443.802140,451.819032,523.733407,564.998117,489.111843,475.624650
3,233.200237,179.350479,104.851090,0.000000,56.559073,126.793213,207.874903,279.284955,265.439643,178.769023,105.471895,92.152956,78.182665,156.866791,232.460918,305.006486,265.463271,190.847161,176.460464,126.117017,145.507799,177.988106,273.074204,322.797202,311.182904,245.977805,230.041087,213.973718,208.473548,258.529817,299.904893,357.605312,354.312351,297.191692,289.194595,278.186899,298.655381,320.081897,383.754992,399.898905,440.669490,384.025107,357.358096,383.808618,378.565458,380.826805,441.086308,476.110837,498.559141,463.739461
4,287.379795,232.892946,154.857085,56.559073,0.000000,71.736601,152.889661,227.978214,321.989323,235.018826,156.744944,132.229626,69.692647,119.397764,188.402469,257.496256,321.652291,245.482980,221.389630,154.296594,148.249938,159.917018,243.417071,285.210326,365.600639,295.569931,270.422034,237.582784,217.047580,252.882712,280.604159,327.714810,405.178379,338.683555,322.574997,296.082158,310.243348,311.302472,371.213959,378.050749,486.105498,420.662892,385.242244,403.748052,384.602433,382.393186,431.283482,459.485834,540.416686,497.797808
5,359.052487,304.616052,226.421544,126.793213,71.736601,0.000000,81.222611,157.839057,391.234357,302.390840,217.883659,184.459912,96.999210,79.659540,128.072196,190.802654,388.437849,309.265364,272.790802,192.822118,160.283079,142.579338,200.573041,229.967642,427.991676,350.979016,314.605014,263.574095,226.822591,241.771789,249.759105,281.109606,461.141700,382.393197,356.414203,311.905015,317.587057,292.725959,345.509434,340.298610,533.099497,456.370390,410.380088,418.313785,382.115883,374.306932,407.436687,426.492418,581.735134,528.860896
6,440.258081,385.778078,307.230179,207.874903,152.889661,81.222611,0.000000,84.458237,471.383764,381.667367,294.475178,257.234608,166.279183,102.845771,89.751799,125.808564,467.074905,386.370389,342.357866,257.123501,209.166943,167.968837,181.295774,186.360904,503.449537,422.006203,377.949842,314.441438,266.259112,258.895927,242.139463,248.238850,531.514143,443.902159,410.282669,351.367084,348.610003,297.089175,337.986203,317.093678,595.405207,509.704806,455.048393,452.620790,400.016684,386.361379,399.599325,406.348322,638.529856,576.782280
7,512.212719,458.624738,382.448766,279.284955,227.978214,157.839057,84.458237,0.000000,535.460258,443.988735,352.791258,310.973680,222.343521,138.651706,70.609960,46.167642,526.756618,443.667043,388.335336,300.215171,240.206301,183.547394,147.030572,123.336785,555.838898,468.083841,414.353803,338.655861,281.595523,251.770718,211.059086,190.249635,574.688913,475.997855,433.754044,360.853110,349.098176,273.174685,299.228050,264.110710,625.694645,529.782286,466.205142,452.168198,384.028127,364.930880,357.685678,352.611398,660.753851,588.852846
8,81.956425,115.607878,186.798332,265.439643,321.989323,391.234357,471.383764,535.460258,0.000000,91.877797,184.616922,229.307845,313.354913,399.656356,477.393917,552.731499,38.750673,103.094176,184.411575,256.056623,323.102181,384.033616,483.983601,547.090002,102.339467,146.072005,213.111935,288.789235,337.685144,410.550069,480.496610,559.067449,177.481330,228.663588,275.502761,342.817992,380.417010,466.090207,530.163520,573.543674,291.563687,312.835875,345.608068,403.745041,459.558081,478.478087,569.841486,624.411103,365.633549,388.514576
9,105.123722,87.838591,121.540072,178.769023,235.018826,302.390840,381.667367,443.988735,91.877797,0.000000,92.833759,137.806945,221.714986,307.816424,385.518276,460.856339,86.704169,34.886525,109.191261,167.358299,233.406902,293.396368,394.051447,456.317753,139.022035,112.618407,155.069967,213.574409,255.120386,327.218936,394.303155,470.902115,198.033433,195.741720,225.883175,274.832348,310.401447,385.418116,450.846814,489.830485,303.737903,289.600215,301.554187,352.554140,393.260995,408.643598,495.013476,546.243611,373.035244,371.327063
10,182.997057,142.044663,113.328133,105.471895,156.744944,217.883659,294.475178,352.791258,184.616922,92.833759,0.000000,45.369825,130.653119,215.603276,292.998079,368.326352,174.014211,91.910983,76.371952,81.420748,143.422989,201.609537,302.858239,364.139103,210.164814,140.530767,134.115551,151.522823,177.024398,245.722278,307.872072,381.575384,249.040865,197.632335,201.502693,218.817809,249.147745,306.602713,372.834888,405.845284,336.499256,288.898233,275.641525,314.139231,333.597088,343.869039,422.098194,468.614365,396.811126,370.734655
11,227.175881,183.433430,140.339644,92.152956,132.229626,184.459912,257.234608,310.973680,229.307845,137.806945,45.369825,0.000000,91.047933,172.776469,249.367955,324.585843,216.502310,132.868627,89.525225,43.538492,98.866070,156.251640,257.565282,318.789973,246.558712,166.538951,139.047549,127.796325,140.036170,205.177526,264.336830,336.750948,276.717961,206.993702,197.123852,194.780855,220.758195,266.963499,333.153525,363.143176,353.897787,292.093982,266.440959,296.922716,304.231514,311.526625,384.718587,428.686296,408.800419,371.591240
12,296.540756,245.573792,178.661699,78.182665,69.692647,96.999210,166.279183,222.343521,313.354913,221.714986,130.653119,91.047933,0.000000,87.202065,165.380803,240.413567,304.658306,222.148758,176.952416,95.960651,78.561469,99.961902,195.613323,248.232741,337.559478,256.121081,217.619747,172.034961,147.412687,185.887150,222.143785,279.898686,365.995204,285.493296,261.769542,227.623950,240.651827,246.007896,308.185642,321.921673,436.101576,361.364010,320.150354,335.378018,315.110415,313.622380,366.852807,399.309031,485.386978,435.867981
13,383.397059,331.772895,261.392720,156.866791,119.397764,79.659540,102.845771,138.651706,399.656356,307.816424,215.603276,172.776469,87.202065,0.000000,78.181117,153.315992,389.118357,305.638780,250.202496,162.342176,107.468922,67.875113,125.239955,166.774205,417.194807,330.135897,279.802808,212.047190,163.704997,165.323138,170.419326,208.816745,437.778532,344.152869,308.077587,249.157052,248.737714,213.602904,265.887285,263.191683,495.390262,407.201904,352.345144,352.064688,307.018347,297.213037,327.785091,348.086345,536.503344,473.952516
14,461.320759,409.323958,337.311733,232.460918,188.402469,128.072196,89.751799,70.609960,477.393917,385.518276,292.998079,249.367955,165.380803,78.181117,0.000000,75.338598,465.851908,382.066667,322.136552,234.069852,171.552571,113.227617,92.331395,102.750969,491.041415,401.344266,345.307445,268.234871,210.996095,184.564483,155.007889,160.076378,506.642178,406.042023,363.179353,290.850658,280.624544,213.436847,249.545735,227.489390,555.358416,459.207499,396.241009,384.349973,321.234358,304.594309,310.742299,316.665126,590.158406,518.949304
15,535.646049,483.162955,409.613516,305.006486,257.496256,190.802654,125.808564,46.167642,552.731499,460.856339,368.326352,324.585843,240.413567,153.315992,75.338598,0.000000,541.018361,457.170661,395.589757,307.857598,243.502282,182.371597,120.930975,81.851314,565.020261,474.200821,415.506392,334.522627,274.410290,233.696258,182.085940,148.693109,577.939362,473.752945,427.262573,348.157058,331.918189,245.511760,263.810066,223.236403,620.940267,520.182211,452.563622,432.687023,357.824278,336.414414,320.091098,310.605358,651.231100,574.405414
16,115.645369,138.370464,199.600065,265.463271,321.652291,388.437849,467.074905,526.756618,38.750673,86.704169,174.014211,216.502310,304.658306,389.118357,465.851908,541.018361,0.000000,83.978346,159.027414,237.762547,305.253712,367.348232,465.480432,529.981692,67.667427,110.348983,180.460355,260.625215,312.934545,385.713448,457.556109,537.849552,141.308114,190.984706,239.797115,311.146182,349.148483,439.202961,502.218519,548.220828,255.146021,274.148297,308.474224,367.457413,426.583441,446.586766,539.567150,595.555678,328.855459,349.801261
17,135.794617,122.719082,149.876604,190.847161,245.482980,309.265364,386.370389,443.667043,103.094176,34.886525,91.910983,132.868627,222.148758,305.638780,382.066667,457.170661,83.978346,0.000000,82.668934,154.389779,221.838621,283.664919,382.463549,446.504892,120.337143,78.236060,122.434148,188.053249,234.770220,307.588186,377.434840,456.376846,170.659498,160.855329,192.329244,246.281928,282.814353,363.774242,428.363830,470.602630,272.526773,254.757974,267.605932,319.804851,364.507601,381.261013,470.036775,523.141971,340.555873,336.576695
18,214.298125,189.070794,183.967310,176.460464,221.389630,272.790802,342.357866,388.335336,184.411575,109.191261,76.371952,89.525225,176.952416,250.202496,322.136552,395.589757,159.027414,82.668934,0.000000,88.167301,152.853149,215.422910,309.674514,375.491099,169.832596,80.010536,58.257650,105.425040,153.975512,226.826621,298.609062,379.472155,189.171926,121.645451,128.258393,165.681548,201.274639,281.678673,345.919535,389.599183,264.919846,212.560140,204.038128,248.681778,284.098322,299.606378,387.434911,440.539499,322.223568,294.536581
19,263.800523,223.304252,183.862101,126.117017,154.296594,192.822118,257.123501,300.215171,256.056623,167.358299,81.420748,43.538492,95.960651,162.342176,234.069852,307.857598,237.762547,154.389779,88.167301,0.000000,67.493310,129.764737,228.115489,292.221962,257.162708,167.887644,121.920146,87.934781,96.957251,164.320543,227.540797,303.578588,275.618958,189.571526,168.310512,153.435086,177.793078,225.426208,291.679529,324.743499,340.441039,266.924690,232.458848,257.871605,260.924502,267.988134,342.077875,387.414067,389.584175,343.502268
20,326.023499,281.676523,229.950602,145.507799,148.249938,160.283079,209.166943,240.206301,323.102181,233.406902,143.422989,98.866070,78.561469,107.468922,171.552571,243.502282,305.253712,221.838621,152.853149,67.493310,0.000000,62.658763,160.881622,224.728921,322.685168,230.753616,174.159554,105.553831,69.199559,113.696000,165.972147,238.166998,335.098479,237.077325,201.137667,152.198026,162.428668,175.847699,240.870903,265.534553,388.087070,300.741214,250.372884,259.489979,236.796562,236.478629,296.491642,335.163319,429.375140,370.080264
21,381.935038,334.760542,274.958779,177.988106,159.917018,142.579338,167.968837,183.547394,384.033616,293.396368,201.609537,156.251640,99.961902,67.875113,113.227617,182.371597,367.348232,283.664919,215.422910,129.764737,62.658763,0.000000,101.586456,163.058700,385.245373,292.778151,233.203913,155.115836,99.982982,99.197287,122.301637,183.299392,395.578979,292.894892,250.490507,183.834125,181.170015,152.854922,211.315725,221.960729,442.165315,347.650905,288.389850,284.869574,240.000868,231.747968,271.702983,300.324912,478.241668,410.798958
22,483.515406,436.026492,373.868081,273.074204,243.417071,200.573041,181.295774,147.030572,483.983601,394.051447,302.858239,257.565282,195.613323,125.239955,92.331395,120.930975,465.480432,382.463549,309.674514,228.115489,160.881622,101.586456,0.000000,67.048347,478.078083,383.329770,317.203442,230.148670,167.972336,115.109353,64.242362,84.704543,479.869422,368.667968,317.119191,232.269798,212.661120,126.244414,157.227454,140.047767,510.844771,405.525941,334.872414,312.086419,237.819362,217.952268,218.454274,227.751202,535.944974,455.682124
23,542.215058,492.927595,426.420950,322.797202,285.210326,229.967642,186.360904,123.336785,547.090002,456.317753,364.139103,318.789973,248.232741,166.774205,102.750969,81.851314,529.981692,446.504892,375.491099,292.221962,224.728921,163.058700,67.048347,0.000000,544.425623,449.961316,384.231529,297.136362,234.952712,178.504478,112.525332,67.081105,546.917505,435.406586,383.064383,296.296787,273.649069,174.773748,183.977022,141.468535,576.394426,469.453154,396.850666,369.005118,286.515608,262.653249,238.728891,229.398986,599.177901,515.995321
24,182.826253,204.660824,259.350742,311.182904,365.600639,427.991676,503.449537,555.838898,102.339467,139.022035,210.164814,246.558712,337.559478,417.194807,491.041415,565.020261,67.667427,120.337143,169.832596,257.162708,322.685168,385.245373,478.078083,544.425623,0.000000,95.832967,168.345141,256.866137,315.625294,386.247245,461.058815,543.983559,75.376735,154.043633,211.530180,295.285704,333.492135,433.756022,493.169291,545.102195,189.378263,223.496438,270.744644,332.946885,403.974057,427.163159,523.794099,583.139725,263.605227,293.481879
25,204.092187,199.797169,225.032787,245.977805,295.569931,350.979016,422.006203,468.083841,146.072005,112.618407,140.530767,166.538951,256.121081,330.135897,401.344266,474.200821,110.348983,78.236060,80.010536,167.887644,230.753616,292.778151,383.329770,449.961316,95.832967,0.000000,73.775784,161.200154,219.834418,290.460606,365.226285,448.204129,110.182824,85.828062,129.551748,203.782399,242.081114,338.890482,399.448634,449.930486,198.711049,177.799217,200.145697,257.673354,317.219503,338.273881,433.013842,490.868904,264.091415,258.975304
26,258.211787,240.439741,241.879827,230.041087,270.422034,314.605014,377.949842,414.353803,213.111935,155.069967,134.115551,139.047549,217.619747,279.802808,345.307445,415.506392,180.460355,122.434148,58.257650,121.920146,174.159554,233.203913,317.203442,384.231529,168.345141,73.775784,0.000000,89.405457,150.377825,218.857469,294.305603,377.930174,163.087996,68.340328,71.811430,130.819260,168.984115,265.457932,325.679707,376.757069,218.528684,155.104990,148.080977,197.516660,246.478627,266.129126,359.810390,417.212064,269.996105,236.646582
27,318.174548,287.613683,263.570227,213.973718,237.582784,263.574095,314.441438,338.655861,288.789235,213.574409,151.522823,127.796325,172.034961,212.047190,268.234871,334.522627,260.625215,188.053249,105.425040,87.934781,105.553831,155.115836,230.148670,297.136362,256.866137,161.200154,89.405457,0.000000,62.183877,129.531232,204.900316,288.559512,250.174898,139.482529,96.104278,67.592654,98.451535,178.835259,241.655962,289.108334,287.156474,195.269746,148.125673,169.943900,182.817152,195.658613,282.010305,335.621868,324.554139,265.306547
28,356.433274,318.947016,280.093477,208.473548,217.047580,226.822591,266.259112,281.595523,337.685144,255.120386,177.024398,140.036170,147.412687,163.704997,210.996095,274.410290,312.934545,234.770220,153.975512,96.957251,69.199559,99.982982,167.972336,234.952712,315.625294,219.834418,150.377825,62.183877,0.000000,72.891807,145.676469,228.370083,312.223369,201.100513,152.928988,85.762256,93.265500,130.547513,196.481525,235.858548,346.543325,248.249389,188.841109,191.501599,170.136279,173.340787,245.233896,292.240304,379.162680,310.980852
29,427.279651,387.598112,342.185541,258.529817,252.882712,241.771789,258.895927,251.770718,410.550069,327.218936,245.722278,205.177526,185.887150,165.323138,184.564483,233.696258,385.713448,307.588186,226.826621,164.320543,113.696000,99.197287,115.109353,178.504478,386.247245,290.460606,218.857469,129.531232,72.891807,0.000000,75.850773,159.907906,377.288437,261.496694,206.178598,117.793184,98.230185,62.332588,128.148892,163.015642,398.427402,291.007762,219.775240,200.407305,141.911521,132.557134,182.802362,223.517352,421.073429,340.918456
30,490.865917,447.578349,393.865159,299.904893,280.604159,249.759105,242.139463,211.059086,480.496610,394.303155,307.872072,264.336830,222.143785,170.419326,155.007889,182.085940,457.556109,377.434840,298.609062,227.540797,165.972147,122.301637,64.242362,112.525332,461.058815,365.226285,294.305603,204.900316,145.676469,75.850773,0.000000,84.073121,453.131947,337.028927,280.753289,189.898898,163.375865,63.495573,96.745367,100.348019,471.321749,361.303849,286.600009,256.517965,175.926368,154.503018,158.886245,178.962179,489.648815,404.272819
31,563.816243,517.744464,457.648592,357.605312,327.714810,281.109606,248.238850,190.249635,559.067449,470.902115,381.575384,336.750948,279.898686,208.816745,160.076378,148.693109,537.849552,456.376846,379.472155,303.578588,238.166998,183.299392,84.704543,67.081105,543.983559,448.204129,377.930174,288.559512,228.370083,159.907906,84.073121,0.000000,537.196339,421.009657,364.290149,272.591560,243.561169,133.699369,124.242675,74.595930,553.535369,442.004365,365.564854,329.199261,238.805127,211.954403,174.316134,162.367395,568.610013,479.747311
32,256.947560,273.792743,319.267022,354.312351,405.178379,461.141700,531.514143,574.688913,177.481330,198.033433,249.040865,276.717961,365.995204,437.778532,506.642178,577.939362,141.308114,170.659498,189.171926,275.618958,335.098479,395.578979,479.869422,546.917505,75.376735,110.182824,163.087996,250.174898,312.223369,377.288437,453.131947,537.196339,0.000000,119.112608,179.904261,271.960329,308.407436,416.586208,470.537635,528.021573,114.082359,161.844282,222.734996,286.140383,368.444783,394.567910,493.164750,555.228243,188.236286,223.715612
33,289.917399,283.568816,298.887211,297.191692,338.683555,382.393197,443.902159,475.997855,228.663588,195.741720,197.632335,206.993702,285.493296,344.152869,406.042023,473.752945,190.984706,160.855329,121.645451,189.571526,237.077325,292.894892,368.667968,435.406586,154.043633,85.828062,68.340328,139.482529,201.100513,261.496694,337.028927,421.009657,119.112608,0.000000,60.981983,152.952519,189.303383,297.931717,351.437941,409.159417,151.506136,94.603457,118.088847,179.223705,252.347514,277.265117,375.435985,436.877905,201.811664,177.131292
34,327.447343,312.003527,312.086467,289.194595,322.574997,356.414203,410.282669,433.754044,275.502761,225.883175,201.502693,197.123852,261.769542,308.077587,363.179353,427.262573,239.797115,192.329244,128.258393,168.310512,201.137667,250.490507,317.119191,383.064383,211.530180,129.551748,71.811430,96.104278,152.928988,206.178598,280.753289,364.290149,179.904261,60.981983,0.000000,93.149396,128.622326,238.487616,290.692574,349.219302,193.994383,100.012370,76.270459,128.620971,192.605630,216.767242,314.674671,375.928902,228.454429,175.285154
35,379.955475,352.619412,331.142037,278.186899,296.082158,311.905015,351.367084,360.853110,342.817992,274.832348,218.817809,194.780855,227.623950,249.157052,290.850658,348.157058,311.146182,246.281928,165.681548,153.435086,152.198026,183.834125,232.269798,296.296787,295.285704,203.782399,130.819260,67.592654,85.762256,117.793184,189.898898,272.591560,271.960329,152.952519,93.149396,0.000000,38.318364,145.338315,199.205128,256.245353,281.441382,173.290552,105.390537,107.754391,118.429945,135.660097,229.236739,287.854547,303.738726,228.105534
36,415.415900,386.034918,359.759062,298.655381,310.243348,317.587057,348.610003,349.098176,380.417010,310.401447,249.147745,220.758195,240.651827,248.737714,280.624544,331.918189,349.148483,282.814353,201.274639,177.793078,162.428668,181.170015,212.661120,273.649069,333.492135,242.081114,168.984115,98.451535,93.265500,98.230185,163.375865,243.561169,308.407436,189.303383,128.622326,38.318364,0.000000,112.245070,162.135179,221.245741,310.608386,198.460409,123.321982,104.224469,84.478605,98.446794,190.932749,249.672525,326.274816,243.029815
37,486.967009,448.639778,404.483008,320.081897,311.302472,292.725959,297.089175,273.174685,466.090207,385.418116,306.602713,266.963499,246.007896,213.602904,213.436847,245.511760,439.202961,363.774242,281.678673,225.426208,175.847699,152.854922,126.244414,174.773748,433.756022,338.890482,265.457932,178.835259,130.547513,62.332588,63.495573,133.699369,416.586208,297.931717,238.487616,145.338315,112.245070,0.000000,66.253769,111.722752,422.725371,309.671623,232.342264,196.265841,112.436162,91.767496,121.026236,162.011763,435.143532,346.197260
38,552.879483,514.876651,470.224461,383.754992,371.213959,345.509434,337.986203,299.228050,530.163520,450.846814,372.834888,333.153525,308.185642,265.887285,249.545735,263.810066,502.218519,428.363830,345.919535,291.679529,240.870903,211.315725,157.227454,183.977022,493.169291,399.448634,325.679707,241.655962,196.481525,128.148892,96.745367,124.242675,470.537635,351.437941,290.692574,199.205128,162.135179,66.253769,0.000000,67.191612,465.069187,349.743933,270.516298,222.524751,124.942923,95.211605,62.156365,95.797956,468.510756,373.554391
39,588.543127,546.576066,494.154102,399.898905,378.050749,340.298610,317.093678,264.110710,573.543674,489.830485,405.845284,363.143176,321.921673,263.191683,227.489390,223.236403,548.220828,470.602630,389.599183,324.743499,265.534553,221.960729,140.047767,141.468535,545.102195,449.930486,376.757069,289.108334,235.858548,163.015642,100.348019,74.595930,528.021573,409.159417,349.219302,256.245353,221.245741,111.722752,67.191612,0.000000,528.968633,414.173375,335.220845,289.243174,192.086176,162.403025,102.922499,89.396874,534.788369,440.491676
40,370.679797,384.466260,422.227525,440.669490,486.105498,533.099497,595.405207,625.694645,291.563687,303.737903,336.499256,353.897787,436.101576,495.390262,555.358416,620.940267,255.146021,272.526773,264.919846,340.441039,388.087070,442.165315,510.844771,576.394426,189.378263,198.711049,218.528684,287.156474,346.543325,398.427402,471.321749,553.535369,114.082359,151.506136,193.994383,281.441382,310.608386,422.725371,465.069187,528.968633,0.000000,115.669505,194.870014,250.945272,347.134010,376.612459,473.345698,537.636874,74.416996,135.835658
41,380.189299,377.277257,393.026537,384.025107,420.662892,456.370390,509.704806,529.782286,312.835875,289.600215,288.898233,292.093982,361.364010,407.201904,459.207499,520.182211,274.148297,254.757974,212.560140,266.924690,300.741214,347.650905,405.525941,469.453154,223.496438,177.799217,155.104990,195.269746,248.249389,291.007762,361.303849,442.004365,161.844282,94.603457,100.012370,173.290552,198.460409,309.671623,349.743933,414.173375,115.669505,0.000000,79.278384,136.580978,231.575767,260.967895,357.994258,422.217252,131.111201,82.616250
42,401.868681,388.078287,387.375783,357.358096,385.242244,410.380088,455.048393,466.205142,345.608068,301.554187,275.641525,266.440959,320.150354,352.345144,396.241009,452.563622,308.474224,267.605932,204.038128,232.458848,250.372884,288.389850,334.872414,396.850666,270.744644,200.145697,148.080977,148.125673,188.841109,219.775240,286.600009,365.564854,222.734996,118.088847,76.270459,105.390537,123.321982,232.342264,270.516298,335.220845,194.870014,79.278384,0.000000,63.414954,153.040853,182.076325,279.751265,343.783643,203.170851,122.721557
43,455.420199,436.976051,427.434957,383.808618,403.748052,418.313785,452.620790,452.168198,403.745041,352.554140,314.139231,296.922716,335.378018,352.064688,384.349973,432.687023,367.457413,319.804851,248.681778,257.871605,259.489979,284.869574,312.086419,369.005118,332.946885,257.673354,197.516660,169.943900,191.501599,200.407305,256.517965,329.199261,286.140383,179.223705,128.620971,107.754391,104.224469,196.265841,222.524751,289.243174,250.945272,136.580978,63.414954,0.000000,98.688469,128.898887,222.967875,287.336068,246.342999,151.490008
44,498.383397,470.220836,443.802140,378.565458,384.602433,382.115883,400.016684,384.028127,459.558081,393.260995,333.597088,304.231514,315.110415,307.018347,321.234358,357.824278,426.583441,364.507601,284.098322,260.924502,236.796562,240.000868,237.819362,286.515608,403.974057,317.219503,246.478627,182.817152,170.136279,141.911521,175.926368,238.805127,368.444783,252.347514,192.605630,118.429945,84.478605,112.436162,124.942923,192.086176,347.134010,231.575767,153.040853,98.688469,0.000000,30.230653,126.745509,190.749093,344.991045,248.822950
45,513.559161,482.866152,451.819032,380.826805,382.393186,374.306932,386.361379,364.930880,478.478087,408.643598,343.869039,311.526625,313.622380,297.213037,304.594309,336.414414,446.586766,381.261013,299.606378,267.988134,236.478629,231.747968,217.952268,262.653249,427.163159,338.273881,266.129126,195.658613,173.340787,132.557134,154.503018,211.954403,394.567910,277.265117,216.767242,135.660097,98.446794,91.767496,95.211605,162.403025,376.612459,260.967895,182.076325,128.898887,30.230653,0.000000,98.764642,162.075835,375.217377,278.950917
46,598.778985,563.730818,523.733407,441.086308,431.283482,407.436687,399.599325,357.685678,569.841486,495.013476,422.098194,384.718587,366.852807,327.785091,310.742299,320.091098,539.567150,470.036775,387.434911,342.077875,296.491642,271.702983,218.454274,238.728891,523.794099,433.013842,359.810390,282.010305,245.233896,182.802362,158.886245,174.316134,493.164750,375.435985,314.674671,229.236739,190.932749,121.026236,62.156365,102.922499,473.345698,357.994258,279.751265,222.967875,126.745509,98.764642,0.000000,64.368195,466.929852,367.931609
47,648.574960,610.651166,564.998117,476.110837,459.485834,426.492418,406.348322,352.611398,624.411103,546.243611,468.614365,428.686296,399.309031,348.086345,316.665126,310.605358,595.555678,523.141971,440.539499,387.414067,335.163319,300.324912,227.751202,229.398986,583.139725,490.868904,417.212064,335.621868,292.240304,223.517352,178.962179,162.367395,555.228243,436.877905,375.928902,287.854547,249.672525,162.011763,95.797956,89.396874,537.636874,422.217252,343.783643,287.336068,190.749093,162.075835,64.368195,0.000000,530.982099,431.655162
48,444.167332,455.822324,489.111843,498.559141,540.416686,581.735134,638.529856,660.753851,365.633549,373.035244,396.811126,408.800419,485.386978,536.503344,590.158406,651.231100,328.855459,340.555873,322.223568,389.584175,429.375140,478.241668,535.944974,599.177901,263.605227,264.091415,269.996105,324.554139,379.162680,421.073429,489.648815,568.610013,188.236286,201.811664,228.454429,303.738726,326.274816,435.143532,468.510756,534.788369,74.416996,131.111201,203.170851,246.342999,344.991045,375.217377,466.929852,530.982099,0.000000,100.959192
49,459.187349,458.765916,475.624650,463.739461,497.797808,528.860896,576.782280,588.852846,388.514576,371.327063,370.734655,371.591240,435.867981,473.952516,518.949304,574.405414,349.801261,336.576695,294.536581,343.502268,370.080264,410.798958,455.682124,515.995321,293.481879,258.975304,236.646582,265.306547,310.980852,340.918456,404.272819,479.747311,223.715612,177.131292,175.285154,228.105534,243.029815,346.197260,373.554391,440.491676,135.835658,82.616250,122.721557,151.490008,248.822950,278.950917,367.931609,431.655162,100.959192,0.000000
