node_id,0,1,2,3,4,5,6,7,8,9,10,11,12,13,14,15,16,17,18,19,20,21,22,23,24,25,26,27,28,29,30,31,32,33,34,35,36,37,38,39,40,41,42,43,44,45,46,47,48,49,50,51,52,53,54,55,56,57,58,59,60,61,62,63,64,65,66,67,68,69,70,71,72,73,74,75,76,77,78,79,80,81,82,83,84,85,86,87,88,89,90,91,92,93,94,95,96,97,98,99
0,0.000000,63.665995,143.801863,244.335393,291.468708,351.631803,430.071226,506.604325,618.089421,664.926321,40.131008,117.580242,144.784442,258.467393,312.433097,393.619753,475.239162,544.363929,590.436073,690.289668,148.902209,151.016476,189.216245,276.635684,350.428217,408.020627,502.493827,546.765353,610.507801,687.055091,201.365409,255.263451,274.033916,295.915996,351.750968,430.477353,511.855583,579.199974,672.882254,716.077705,264.565459,327.996572,319.248114,350.131624,421.075079,486.505884,545.117299,624.246050,677.356955,752.955473,377.039140,375.539603,409.797251,437.228495,460.363936,535.714246,609.273366,670.285727,715.245092,821.434561,450.114248,469.602833,456.467167,494.921596,550.246132,621.150131,657.383306,717.556084,770.936520,842.712235,509.295810,507.197484,530.031611,551.717248,637.737604,666.998591,704.324863,767.795572,834.613245,889.626872,584.126014,595.723932,598.948281,651.868266,704.613829,718.131937,751.237778,805.560893,875.891785,935.599427,667.612338,669.937287,702.047137,732.099486,762.227204,807.267698,836.476062,865.208358,941.483817,999.516935
1,63.665995,0.000000,85.153191,184.471737,233.636873,293.558807,369.961473,446.258526,559.140903,606.362181,84.711652,106.919040,108.293021,208.325212,258.648964,340.674638,420.035656,488.411026,534.236509,635.069600,172.527935,149.632528,167.134179,236.175836,305.945118,362.643146,453.569831,495.441653,560.006876,633.570193,225.622183,258.530640,259.447924,272.504196,319.260038,390.296836,467.298464,536.377696,626.486036,667.514459,288.050512,332.939342,310.384269,333.800676,396.770064,453.870929,511.306142,586.307715,635.720452,709.721482,401.568704,385.580316,408.717395,421.475227,442.230608,510.089178,580.074920,635.374199,676.851990,780.344357,469.251929,482.959597,457.180248,488.564165,535.614804,598.833314,630.316526,688.313692,736.421908,805.822790,530.547506,519.066026,530.687191,549.757032,627.147746,652.372518,683.107728,741.337023,803.311984,854.271318,607.445872,606.817180,603.525896,652.246901,695.460192,706.159652,733.563413,782.931585,849.464142,907.573074,687.428928,684.329577,709.687911,731.794185,757.927417,797.897473,821.073547,843.912929,917.351026,972.934085
2,143.801863,85.153191,0.000000,100.534410,148.597106,208.633798,286.276959,362.802718,474.687003,521.736581,149.231468,107.336066,66.320361,126.802370,174.141057,256.236667,334.935876,403.257903,449.088370,549.934044,194.853463,145.869446,129.236073,164.055163,227.551377,282.769115,370.749761,411.348885,476.169031,548.683305,241.077010,242.759244,219.529123,219.848302,253.130114,314.601523,387.289448,457.309946,544.686420,584.441997,296.796844,313.849744,274.375519,286.851241,337.836650,384.681564,440.268751,510.928839,557.138961,629.776553,405.761203,370.677817,378.226675,372.069607,389.425113,447.496402,512.942969,562.375067,600.663246,701.752056,463.739418,469.190852,427.446706,449.021902,485.087397,538.734277,564.910310,620.319191,663.284220,730.423462,526.414449,502.389349,499.069680,514.438110,580.054858,600.279028,623.395251,675.770566,732.789422,780.004385,604.722221,587.364224,575.588358,618.226182,649.277909,656.571943,677.295706,721.023088,783.379142,839.715219,678.609850,668.133107,684.224065,695.965875,716.935288,750.537641,766.689471,783.052001,853.253231,906.233245
3,244.335393,184.471737,100.534410,0.000000,52.116041,110.059632,185.767791,262.272411,374.674711,421.949892,247.631281,185.926852,132.110845,72.514322,88.974775,167.057122,239.529120,306.265688,351.603898,453.258391,271.545889,211.933722,167.493312,130.135437,163.866554,210.275716,285.972222,321.311956,386.592780,454.157747,308.522248,281.785130,232.786389,213.774760,217.183833,251.827133,310.641470,381.666907,460.896852,496.727463,354.389016,342.138838,285.523193,281.021625,308.006006,332.956592,382.801749,442.789796,481.230866,549.997470,453.142353,399.788608,388.125217,355.700767,366.702919,405.709105,461.033148,498.277076,529.511872,624.527364,498.814265,494.916439,435.671651,443.147119,461.749283,498.483750,514.954165,564.756334,597.568818,659.639941,560.918566,523.558007,501.900873,511.843419,559.040011,571.313711,581.947959,623.668717,671.246465,711.058435,638.757755,602.734688,580.788345,614.465931,628.037215,630.210230,640.402989,674.455127,729.126385,781.922867,704.384394,685.570869,690.074924,688.194544,701.776450,725.857449,731.386641,737.430422,801.670419,849.900895
4,291.468708,233.636873,148.597106,52.116041,0.000000,60.163161,140.972925,217.293469,326.689505,373.457712,290.912010,219.715120,166.189257,64.117332,42.943549,115.455050,187.787567,255.174629,300.801271,402.099417,300.456785,238.258548,185.188156,115.566277,125.037405,164.396408,234.755445,269.242820,334.524124,402.360660,331.246791,290.756565,231.533269,203.859632,190.513087,209.395671,261.594264,332.497028,409.491053,444.755724,370.455314,343.096949,279.932244,266.794306,280.204382,293.817268,340.374017,395.752130,431.607404,499.271672,461.468108,399.495532,378.155374,333.239633,340.769343,369.867224,420.101670,452.358680,481.126437,574.280785,499.718911,490.932914,423.729155,423.930549,433.680170,462.184343,474.379564,521.643230,550.693412,611.039573,560.650366,516.754394,486.046950,493.133859,530.864151,539.362239,544.435785,581.591631,625.544796,662.896797,637.389904,591.945416,565.088775,593.982532,599.134954,598.956699,604.447287,634.315215,685.834013,737.219172,698.051880,675.057923,673.664387,665.150921,675.151559,694.740024,695.615393,697.403390,759.148813,805.552202
5,351.631803,293.558807,208.633798,110.059632,60.163161,0.000000,83.416887,158.587853,266.562959,313.294561,350.590257,276.632044,223.914039,110.974044,56.776219,72.411276,130.651524,196.300098,241.547536,343.280530,354.200762,291.390322,234.767109,146.457839,121.020063,139.174784,188.401728,216.516967,281.421249,344.975425,380.945597,331.134457,265.118249,230.607239,198.407967,189.117209,222.702709,291.955962,360.483728,392.314640,414.994720,375.370994,307.577568,285.781545,281.466727,276.395427,315.482158,360.011286,388.755055,452.545453,498.645421,429.551209,398.671658,340.001132,342.688794,356.212185,396.701999,418.584634,441.310820,528.847006,529.634206,516.052349,441.217431,432.810772,430.668463,446.247506,450.950254,493.018762,514.055400,570.018426,588.834901,538.622482,498.073917,501.602644,526.392784,529.321416,525.597701,554.473692,591.059573,622.764163,663.880046,608.699882,576.398651,599.139623,592.972459,589.397991,587.641977,610.330534,655.852364,704.293939,718.945302,691.484971,683.218969,666.439787,671.579065,684.688485,678.498812,673.260173,730.293379,773.091132
6,430.071226,369.961473,286.276959,185.767791,140.972925,83.416887,0.000000,76.598685,190.295003,238.106237,431.536980,359.764912,306.719512,194.169707,137.973606,101.880733,91.631436,137.509516,177.836581,279.406360,437.564937,374.724416,317.595134,224.359105,180.208675,172.182281,174.123538,181.398717,240.569753,287.382876,463.423737,409.806205,340.859381,303.047813,258.656599,220.608683,220.357166,280.698751,327.286636,349.329799,495.294700,448.664897,378.684730,350.932673,330.624047,303.852910,329.978690,354.406607,368.335971,422.053664,574.280238,500.659029,462.519823,392.457344,390.054696,384.632180,409.946651,414.342542,425.348108,499.655843,599.765539,582.359820,501.683328,485.081239,469.939410,468.682264,462.484828,495.398311,502.301725,549.066778,657.154090,601.871105,552.425015,552.238860,561.921041,557.781332,542.134711,557.998297,581.742247,602.745497,730.299348,666.483040,629.011646,644.857473,625.351512,617.486835,605.958446,617.787947,653.200464,696.155552,779.928222,748.276369,732.914476,706.971982,706.198474,710.890638,695.116892,679.609875,728.594287,765.035326
7,506.604325,446.258526,362.802718,262.272411,217.293469,158.587853,76.598685,0.000000,117.046572,165.008563,508.060087,435.161942,382.493021,267.918959,210.364653,155.106418,95.164395,94.417234,120.911808,216.416168,511.251642,448.341591,390.000701,292.115339,236.986807,212.596820,175.283154,159.410251,204.742284,230.611676,534.713445,476.061090,404.680712,364.429362,311.486804,254.165946,225.513515,271.554914,293.667966,305.019404,563.122334,508.809727,437.530081,404.888860,371.570657,327.845442,341.225620,346.047149,345.301183,387.463942,636.046039,558.081264,513.298465,434.301351,427.516662,405.707826,416.536024,404.741749,404.412603,464.377935,655.392466,634.201544,548.726095,524.779020,498.165488,481.762903,465.837977,489.480461,483.161889,520.442769,710.505159,650.490648,593.022263,589.359272,584.927996,574.379084,548.127280,551.737689,563.231710,574.076996,781.228443,709.150076,667.043909,676.171406,644.468520,632.754197,612.411276,614.071254,639.670709,677.043758,824.973861,789.324453,767.149430,732.712751,726.390108,723.180112,698.725642,673.970125,714.974699,745.232946
8,618.089421,559.140903,474.687003,374.674711,326.689505,266.562959,190.295003,117.046572,0.000000,48.004333,616.703851,538.818411,487.888162,369.839198,311.782652,240.421960,156.863480,94.245108,64.100108,111.463039,609.366237,546.920361,486.623253,382.910258,315.913060,274.468893,196.169898,151.513644,156.309856,136.088884,626.916705,559.131993,485.209080,442.355538,379.423377,301.472776,238.876799,254.879777,233.557829,225.514752,647.769858,580.400962,508.858600,469.647704,418.558211,353.666926,347.061565,321.461175,297.458418,318.012475,708.177810,623.929331,569.277103,479.264597,466.185991,421.101650,409.339353,373.448507,355.435300,390.252213,716.313216,689.045031,597.681070,562.841848,519.515227,480.747451,450.785363,459.053700,432.783057,454.296808,766.605272,699.627838,630.450888,621.371493,595.043039,574.964372,533.417642,518.217740,510.815620,506.287203,832.133754,747.337738,698.569196,696.787065,646.810459,629.477561,596.218665,582.368677,592.528870,620.795865,865.277886,823.491694,790.597473,743.311246,728.439069,713.077228,675.911973,637.777508,666.011059,686.691596
9,664.926321,606.362181,521.736581,421.949892,373.457712,313.294561,238.106237,165.008563,48.004333,0.000000,662.790275,583.670515,533.315046,414.801733,356.965094,283.126246,198.357822,130.916557,89.550906,81.048470,652.483851,590.340505,529.705021,425.024386,355.735013,310.731575,224.515057,174.798983,161.028774,112.822102,668.219595,597.916411,523.669915,480.388192,415.249497,332.803514,261.894741,265.518295,224.810201,205.922916,686.658447,615.445556,544.322096,503.399857,447.244557,376.526379,362.814808,325.682053,291.859216,300.530325,742.747155,656.820639,599.231309,506.397819,491.327833,438.632240,418.321954,373.067203,347.330258,368.553343,747.023351,717.783284,624.985531,586.610475,537.671917,490.836425,455.663966,457.165066,422.230107,435.662958,795.384446,726.286219,653.378874,642.393208,608.014038,584.390477,537.109665,514.017178,498.069254,486.146863,858.762036,769.738529,718.808635,712.913262,656.198030,636.765921,598.521239,578.165839,581.291403,605.073583,887.871516,843.984169,807.195605,755.210448,737.041939,716.843683,674.642479,631.033364,653.284388,669.389370
10,40.131008,84.711652,149.231468,247.631281,290.912010,350.590257,431.536980,508.060087,616.703851,662.790275,0.000000,92.207257,131.749256,250.229494,306.707218,385.981396,469.451380,539.097217,585.274264,683.564813,109.118461,118.276371,164.411696,260.199622,335.703908,393.344577,490.093444,536.377407,599.024525,678.349298,161.302192,218.391674,243.205005,268.849340,328.848773,411.700250,495.729390,561.388182,657.506599,702.429137,224.459127,290.167052,285.567120,319.079863,393.052527,462.491575,521.470088,602.828703,658.288275,734.836594,336.915675,336.542358,373.079489,405.281362,429.267652,507.665961,582.753983,646.798020,693.820960,801.582523,410.067652,429.997087,419.131703,459.398497,517.358678,591.213573,629.600364,690.724476,746.929248,820.004870,469.172217,467.726014,492.528991,514.809198,603.177516,633.788081,673.675925,739.428017,808.625952,865.879095,544.007777,556.270081,560.506573,614.227923,669.463001,683.879013,719.020167,775.325665,847.306286,907.714602,627.499175,630.105368,662.988483,694.519418,725.594529,772.036136,803.252455,834.290965,911.716385,970.830906
11,117.580242,106.919040,107.336066,185.926852,219.715120,276.632044,359.764912,435.161942,538.818411,583.670515,92.207257,0.000000,54.039832,168.979214,227.074668,302.502969,387.222487,456.934694,502.951429,599.148002,88.120378,43.617334,72.447171,170.106976,246.139897,303.485029,401.402807,449.103460,510.670881,592.065197,134.014396,151.865332,157.461317,178.446446,236.709490,319.884071,404.770859,469.703404,566.673032,612.444540,191.759649,226.227494,205.560958,233.376986,303.519860,370.668180,429.568441,510.626424,566.254938,642.977188,303.242286,279.693322,302.070120,320.878212,343.412845,418.178015,492.139347,554.891420,601.623249,709.421025,366.561904,377.663811,350.380313,383.337383,434.490787,503.677706,539.907865,600.338956,655.190582,727.959977,428.640071,413.211810,423.948381,443.438200,523.894197,551.391886,587.019669,650.247357,717.749050,774.081987,506.366812,500.610026,496.607250,545.618591,591.615414,603.698517,634.707872,688.117326,758.329407,818.134764,584.086711,578.857678,602.883816,625.311425,652.367053,694.238546,720.722477,747.953698,823.945175,881.951121
12,144.784442,108.293021,66.320361,132.110845,166.189257,223.914039,306.719512,382.493021,487.888162,533.315046,131.749256,54.039832,0.000000,118.994921,176.374864,254.472332,338.396829,408.132086,454.285698,552.021324,139.919962,83.436052,64.962353,131.937285,205.802306,263.461332,359.005088,404.742201,467.671565,546.600044,180.743656,176.442532,157.848363,165.399479,211.329615,286.127732,367.095979,434.479619,528.280454,572.058527,233.201869,247.858879,211.750271,229.237360,288.807697,346.201909,404.044508,480.929534,532.861083,608.236171,340.469942,304.487727,314.517386,316.301443,335.874760,401.848010,471.905012,528.619856,571.800735,677.123539,397.462715,403.041116,363.713244,388.609687,430.317219,490.926382,522.028364,580.189755,629.587144,700.042211,460.151955,436.511444,436.050408,452.624328,523.506435,546.679415,575.325039,633.045353,695.577808,747.823605,538.478129,521.922519,511.748134,556.185940,592.359250,601.526857,626.609448,674.861716,741.176110,799.375120,612.333512,602.361954,619.968877,634.654110,657.662379,694.360610,714.756485,736.012391,809.107456,864.656567
13,258.467393,208.325212,126.802370,72.514322,64.117332,110.974044,194.169707,267.918959,369.839198,414.801733,250.229494,168.979214,118.994921,0.000000,58.161198,135.802059,219.406744,289.137830,335.293921,433.357800,243.487963,180.604680,123.978311,57.858008,101.918962,156.037318,245.287724,288.346283,352.371250,428.858141,270.347630,226.665241,168.387728,143.968870,145.295197,190.371484,260.491810,330.617386,418.356015,459.247555,307.141022,279.777760,218.430273,209.903582,235.960198,266.524191,319.273514,385.847142,430.508418,502.975458,397.366396,336.573556,319.007819,283.212014,294.288994,336.368464,395.339675,438.840156,474.931356,575.071597,436.628656,429.298848,365.780625,371.097206,389.513864,429.083272,448.677243,500.965844,539.341639,604.946299,497.911758,456.292805,430.716745,439.949853,486.756206,499.859173,513.085673,558.515608,610.682763,655.112720,575.024764,533.546244,509.723115,542.308681,555.827752,558.498400,570.521602,607.346617,665.072642,719.576729,637.548034,616.573463,618.870004,615.759559,629.303337,654.048474,661.295549,670.113745,736.604392,786.942569
14,312.433097,258.648964,174.141057,88.974775,42.943549,56.776219,137.973606,210.364653,311.782652,356.965094,306.707218,227.074668,176.374864,58.161198,0.000000,82.095710,162.996176,232.482538,278.653478,377.884961,300.911908,238.005040,179.863069,90.088021,82.705638,122.176026,198.573275,237.289350,302.255738,375.084759,325.461201,274.366502,208.961348,175.966128,152.409933,166.484327,221.672599,292.698642,373.495632,411.232083,358.348129,319.739662,253.032448,234.478076,240.525016,250.949686,297.519533,354.306689,392.310241,461.603240,442.231241,374.583486,347.106250,295.629876,301.531860,327.394748,377.165888,410.395489,440.609937,535.790110,474.837783,462.840121,391.155568,387.408752,393.282951,419.564179,431.438755,478.928264,509.200777,570.710947,534.633399,486.739727,450.980619,456.586061,490.248457,497.598201,501.630304,538.748759,583.537590,622.225276,610.322124,559.267503,529.829385,556.327746,558.195729,557.327175,561.820682,591.372378,643.176021,694.896333,667.672535,642.300886,637.784097,626.271194,634.896148,653.082265,652.991141,654.460279,716.377067,763.140121
15,393.619753,340.674638,256.236667,167.057122,115.455050,72.411276,101.880733,155.106418,240.421960,283.126246,385.981396,302.502969,254.472332,135.802059,82.095710,0.000000,85.034739,154.540284,200.470109,297.584058,369.363026,307.247901,246.580507,142.533286,81.929552,72.986553,119.449874,155.305277,220.406079,293.449085,386.745252,322.634242,250.253448,209.439943,158.287829,123.275241,150.521673,220.323732,294.039068,329.939582,410.550405,353.727738,282.544658,251.429793,228.968405,209.759164,244.881785,287.646828,318.139429,384.226460,480.947189,403.526403,361.918381,290.622969,288.819809,290.575547,326.189378,346.173374,369.685724,459.717042,501.558260,482.295263,400.193628,383.334255,371.221919,378.601558,380.237199,420.993033,441.855518,498.858542,557.801536,500.804088,450.578186,450.736988,464.979692,464.360961,456.302154,482.646788,518.687908,551.353856,630.018699,564.625580,527.325842,544.454575,530.027374,524.412205,519.004306,539.144468,583.568395,631.883866,678.297863,646.395722,631.710203,608.271746,609.942367,619.067508,609.510482,601.962338,658.101280,700.679883
16,475.239162,420.035656,334.935876,239.529120,187.787567,130.651524,91.631436,95.164395,156.863480,198.357822,469.451380,387.222487,338.396829,219.406744,162.996176,85.034739,0.000000,69.754825,115.889551,215.133788,454.206201,392.215615,331.454279,226.686567,159.232986,122.812352,85.356792,91.122553,153.600156,214.629621,470.268827,402.606220,328.932290,286.459834,226.386890,160.280006,134.455637,190.098318,237.760165,264.292795,491.149905,427.031866,355.305489,318.790348,278.688184,232.751105,248.800184,264.396597,276.746870,332.130390,554.954741,473.245247,423.945204,341.311766,333.333994,311.084567,326.342795,324.247825,333.730491,409.599624,568.512191,544.853064,457.224592,430.820804,403.013036,389.285570,377.381534,406.598755,410.826911,457.693617,621.809000,559.345557,499.131657,494.755909,490.286923,481.057615,458.629160,469.234239,490.388811,511.330045,690.898667,615.608086,572.501659,581.011757,550.623238,539.903919,522.842899,530.024296,562.677701,604.814393,732.005191,695.261630,672.091667,637.830139,632.393214,631.428300,610.668579,591.261780,638.127647,673.657722
17,544.363929,488.411026,403.257903,306.265688,255.174629,196.300098,137.509516,94.417234,94.245108,130.916557,539.097217,456.934694,408.132086,289.137830,232.482538,154.540284,69.754825,0.000000,46.177260,146.992800,523.040750,461.311855,400.405175,295.056062,224.857157,180.714115,104.874467,70.479414,110.451989,150.648523,537.566240,467.091552,392.896693,349.715983,285.613285,207.523682,151.607788,183.864714,199.430069,214.124658,555.828090,486.451615,415.001805,375.442623,325.226804,264.393307,265.291412,256.978476,251.387918,293.583133,614.146770,529.688919,475.363695,386.478571,374.528001,336.153191,334.966959,314.346889,310.641981,370.775040,622.200007,595.386978,504.618635,471.741602,433.094222,403.703433,381.363404,399.913248,389.490577,426.065283,672.895919,606.729093,539.726978,532.037516,513.448725,497.703674,464.331702,461.628452,469.508995,479.721754,739.141864,656.726374,609.617181,611.407626,569.020421,554.445158,528.342857,524.713121,546.855847,583.086195,774.372994,734.082803,704.473357,662.078658,651.090399,642.072090,612.505007,583.582168,621.998895,651.137489
18,590.436073,534.236509,449.088370,351.603898,300.801271,241.547536,177.836581,120.911808,64.100108,89.550906,585.274264,502.951429,454.285698,335.293921,278.653478,200.470109,115.889551,46.177260,0.000000,102.230934,568.313430,506.794805,445.809127,340.180438,268.779897,221.815071,135.526189,88.063727,97.500255,110.593756,581.791379,509.655241,435.319115,391.877908,326.010155,243.354654,175.754987,191.518520,181.998691,185.724561,598.375771,525.968213,454.924559,413.851124,358.548284,290.739941,282.962721,259.842111,241.756899,272.531581,653.214127,567.305145,510.231577,418.368246,404.279480,357.125397,345.911088,313.653559,300.781243,348.062186,657.873477,629.219176,536.956282,500.439650,455.657356,417.023121,388.403276,399.590473,379.244042,407.920461,706.829652,638.598533,567.782015,558.125291,530.973283,511.278018,471.262953,459.796809,458.482933,461.004613,771.132502,684.541543,635.161695,632.762575,583.090855,566.169886,534.458368,523.726662,538.555526,570.438084,802.579689,760.180155,726.625696,679.281249,664.812625,650.657427,615.530600,580.496437,612.920016,637.503407
19,690.289668,635.069600,549.934044,453.258391,402.099417,343.280530,279.406360,216.416168,111.463039,81.048470,683.564813,599.148002,552.021324,433.357800,377.884961,297.584058,215.133788,146.992800,102.230934,0.000000,660.319794,599.952668,538.859485,432.768181,358.492934,306.081998,208.835990,156.196957,113.644840,34.704345,669.706008,592.699026,518.631581,474.978928,405.751277,315.998101,232.952968,216.028684,153.199762,126.520426,680.763285,600.426667,531.288982,487.051068,421.329201,341.716035,316.772700,264.868459,221.164070,221.160641,725.325701,636.381888,573.229358,476.252685,457.757755,393.349213,361.287356,305.907849,273.415770,287.705154,721.069619,688.101635,593.467039,549.131562,491.647823,434.046080,392.987047,387.397125,345.849837,355.396310,765.177049,692.567510,613.708776,599.668758,553.695587,525.702303,472.204778,441.746475,420.049862,405.451641,824.064481,728.220564,674.162152,662.119219,596.883459,575.090561,531.692736,505.528415,503.833693,525.492124,845.968761,798.922097,756.482934,698.412465,676.288812,650.853683,604.037635,556.257596,574.899094,589.221452
20,148.902209,172.527935,194.853463,271.545889,300.456785,354.200762,437.564937,511.251642,609.366237,652.483851,109.118461,88.120378,139.919962,243.487963,300.911908,369.363026,454.206201,523.040750,568.313430,660.319794,0.000000,62.910070,122.786079,228.166836,301.871465,356.218935,455.603496,506.174368,564.240635,649.741952,53.500759,117.841966,164.361337,201.204422,270.482546,361.668452,450.444932,509.623287,610.768662,659.783328,116.755180,184.806976,193.801866,234.802817,315.734102,395.209974,453.861691,540.066749,601.242993,679.402419,230.233074,228.197944,270.013548,315.668428,341.724217,427.611920,505.904885,577.584887,629.750059,740.679767,301.497508,320.895996,314.169139,358.849026,423.469768,504.726820,548.660665,611.795491,675.193588,751.177414,361.324053,358.695807,386.904398,410.482654,504.261488,538.179330,584.566963,655.954982,731.046329,793.912750,437.090477,447.242187,452.854461,508.055077,568.815421,585.384835,625.532204,686.694615,762.614822,824.560559,519.380193,521.038380,554.337279,588.361820,621.383275,670.912957,706.887743,743.621737,823.680837,885.343195
21,151.016476,149.632528,145.869446,211.933722,238.258548,291.390322,374.724416,448.341591,546.920361,590.340505,118.276371,43.617334,83.436052,180.604680,238.005040,307.247901,392.215615,461.311855,506.794805,599.952668,62.910070,0.000000,61.104161,167.192403,242.129098,297.733003,397.015972,446.789820,506.125978,590.401732,97.426536,108.949830,125.087439,153.782747,218.871010,307.355797,394.973615,456.782243,556.389114,604.167086,150.928327,183.353518,168.234812,200.827819,276.090087,349.306456,408.401945,492.282194,550.916228,628.563241,260.920561,236.234498,261.103953,287.077413,310.992897,390.423320,466.502581,533.424871,582.873132,692.438969,323.097092,334.094736,308.917835,344.441565,399.533223,473.069182,512.370157,574.069663,632.734596,707.110448,385.271762,369.763767,382.594105,402.907710,486.753243,516.170595,555.409676,621.797862,692.493822,751.756905,463.110562,457.306072,454.344704,504.438561,553.795629,567.115727,600.947167,657.094815,729.533437,790.252279,540.507320,535.332616,560.125064,584.365306,612.684189,656.462779,685.662044,716.014980,793.553557,852.984342
22,189.216245,167.134179,129.236073,167.493312,185.188156,234.767109,317.595134,390.000701,486.623253,529.705021,164.411696,72.447171,64.962353,123.978311,179.863069,246.580507,331.454279,400.405175,445.809127,538.859485,122.786079,61.104161,0.000000,106.092772,181.257150,237.303958,336.422126,385.896147,445.648041,529.484229,146.407416,117.261645,93.367275,107.094039,164.476843,249.563428,336.035690,399.426238,497.818146,544.825241,187.160773,185.431087,146.830017,166.690816,232.377480,298.223483,357.138102,438.585082,495.084286,572.192726,286.957061,242.821260,249.634795,254.342136,275.313319,346.839311,420.061748,482.464741,529.539189,637.795678,338.363602,341.001620,298.846614,324.081630,368.484801,433.607004,468.322690,528.339885,582.743527,655.599411,401.067453,373.546611,371.095426,387.731551,460.465625,485.240407,517.455290,578.905916,645.506124,701.638494,479.439355,458.166221,446.929880,491.252652,529.049605,539.161047,566.813256,618.034811,687.057513,746.497362,550.941365,539.119635,555.303442,569.809112,593.342893,631.309427,654.013784,678.414836,753.388685,810.690093
23,276.635684,236.175836,164.055163,130.135437,115.566277,146.457839,224.359105,292.115339,382.910258,425.024386,260.199622,170.106976,131.937285,57.858008,90.088021,142.533286,226.686567,295.056062,340.180438,432.768181,228.166836,167.192403,106.092772,0.000000,76.094109,133.391047,231.540474,280.204236,340.866575,423.691527,244.290755,185.478196,118.888511,88.296239,91.162204,154.440208,235.688801,302.565311,397.340706,442.445796,271.291164,229.919462,164.679625,152.497315,180.495162,220.627031,276.551963,350.141309,400.963486,476.321965,352.204070,285.327365,262.827000,225.658587,237.593043,285.333959,348.968402,399.658493,440.761969,545.312009,385.647931,375.541296,308.955301,313.239401,333.244192,377.514770,401.211936,456.264029,500.706855,569.647890,446.013127,401.194575,373.105181,382.105087,430.295570,445.000540,462.000053,511.934246,569.108830,618.246944,522.349454,477.011234,452.144550,484.458611,499.508132,503.140794,517.925243,558.255391,619.415264,675.665948,582.497445,560.102858,561.214824,558.066498,572.228048,598.459694,608.283611,620.629165,689.620836,742.195578
24,350.428217,305.945118,227.551377,163.866554,125.037405,121.020063,180.208675,236.986807,315.913060,355.735013,335.703908,246.139897,205.802306,101.918962,82.705638,81.929552,159.232986,224.857157,268.779897,358.492934,301.871465,242.129098,181.257150,76.094109,0.000000,57.691756,155.474779,204.661507,264.802578,348.273032,313.020195,243.384439,169.910277,128.104022,78.994927,88.803208,161.653244,230.449820,322.481384,366.725271,331.918924,271.822920,200.617421,170.728926,160.750389,169.512538,219.139476,283.940938,329.975385,403.818094,399.162558,321.760354,282.517158,219.016475,222.025598,244.830311,297.195096,337.118158,373.225037,474.638082,420.155298,402.155318,322.856682,311.897221,311.846254,337.181777,351.191133,401.139553,437.490010,503.148592,477.041602,422.160089,377.554051,380.612016,408.467662,414.958926,419.691812,459.814797,509.328222,553.205190,550.110405,489.336041,455.644729,478.277911,476.076126,474.738699,479.441258,510.858246,565.487693,618.974632,601.190125,571.837451,562.232710,546.397161,553.390510,570.472525,570.605300,573.886921,637.841943,686.683660
25,408.020627,362.643146,282.769115,210.275716,164.396408,139.174784,172.182281,212.596820,274.468893,310.731575,393.344577,303.485029,263.461332,156.037318,122.176026,72.986553,122.812352,180.714115,221.815071,306.081998,356.218935,297.733003,237.303958,133.391047,57.691756,0.000000,99.394950,150.427893,208.393997,293.700774,363.629099,288.204934,213.844780,170.263224,104.954672,50.499666,104.684258,174.582472,264.861674,309.106715,376.836134,305.959181,234.389877,196.236542,159.984177,137.605389,177.494300,232.546497,274.496180,347.220036,433.798249,350.782456,301.453264,222.553540,218.278431,218.087933,258.338717,288.230787,320.085640,419.035611,445.701307,422.413650,336.129275,314.301698,298.484532,307.233205,312.698106,357.667767,387.293284,450.276164,499.198187,437.936345,382.187338,380.674291,391.998473,391.775517,386.465085,418.168052,461.362352,501.217479,568.953155,497.554840,457.821944,472.683342,457.099904,451.856341,448.474897,472.489789,521.670436,572.828071,612.747683,578.501624,560.923351,535.587111,536.956591,546.743057,539.324702,535.538745,595.284177,641.158259
26,502.493827,453.569831,370.749761,285.972222,234.755445,188.401728,174.123538,175.283154,196.169898,224.515057,490.093444,401.402807,359.005088,245.287724,198.573275,119.449874,85.356792,104.874467,135.526189,208.835990,455.603496,397.015972,336.422126,231.540474,155.474779,99.394950,0.000000,52.801636,109.328185,194.606932,461.979259,383.880415,309.882802,266.258121,196.946386,109.021036,50.233603,107.157282,174.984864,213.960026,471.934377,393.654844,323.550103,280.641835,223.033228,159.619725,166.044406,180.305316,200.697807,264.829632,520.025655,432.936401,374.758891,283.189225,270.150226,233.218806,241.753085,240.239983,254.890144,340.636465,522.508840,493.710798,401.703302,367.123246,329.004619,306.509903,292.236084,321.630570,330.119106,382.323481,571.319936,503.539132,435.003864,427.165562,411.830289,399.389661,373.829690,384.267733,408.915687,435.416246,636.065244,551.992580,504.759414,507.498343,469.852499,457.544421,438.096860,444.770829,479.179408,523.181943,669.735553,629.209179,600.206619,560.243350,551.887066,547.953497,525.529178,506.164877,554.539561,592.127723
27,546.765353,495.441653,411.348885,321.311956,269.242820,216.516967,181.398717,159.410251,151.513644,174.798983,536.377407,449.103460,404.742201,288.346283,237.289350,155.305277,91.122553,70.479414,88.063727,156.196957,506.174368,446.789820,385.896147,280.204236,204.661507,150.427893,52.801636,0.000000,65.281481,143.620833,513.908573,436.518756,362.434663,318.782408,249.709360,161.366992,87.716603,113.572345,146.643380,175.868772,524.656220,446.194380,376.259818,333.047474,272.849529,202.713448,196.961575,187.296447,188.547792,241.048354,572.287644,484.712156,425.114436,331.610149,316.721961,269.897831,264.718217,245.487466,246.891035,318.563480,573.105985,543.148819,450.190676,412.553079,368.079587,334.027542,310.886375,330.602897,325.181520,368.047764,620.731580,551.511908,479.785700,470.073013,445.444062,428.187718,393.852314,392.652518,405.210227,421.787071,684.005629,596.506768,547.153427,545.647091,499.703716,484.505816,457.868598,455.355158,480.550182,519.419463,714.561603,672.144679,639.297608,594.020963,581.711463,571.695224,542.237030,514.815992,555.928758,587.961534
28,610.507801,560.006876,476.169031,386.592780,334.524124,281.421249,240.569753,204.742284,156.309856,161.028774,599.024525,510.670881,467.671565,352.371250,302.255738,220.406079,153.600156,110.451989,97.500255,113.644840,564.240635,506.125978,445.648041,340.866575,264.802578,208.393997,109.328185,65.281481,0.000000,90.503663,568.744757,488.043259,414.882078,371.607478,300.946707,208.811783,121.797470,105.328514,88.980258,110.956178,575.054047,490.687017,422.883117,377.468611,308.837417,228.099521,204.974066,165.845475,144.504812,183.369905,614.232764,524.584263,460.252641,362.827375,344.119981,281.544124,257.294816,217.184541,203.723656,260.783425,607.903957,574.548965,479.850909,435.734602,380.384314,329.823106,295.734760,302.913833,282.430628,315.724076,651.571485,578.947151,500.722708,487.418853,447.424605,423.373664,377.923650,362.624275,362.028235,369.338613,710.529893,615.766848,562.637171,553.531775,495.195326,476.107924,440.310393,426.659194,441.402103,474.758933,733.706651,687.668889,647.931263,594.292699,576.147720,557.743172,519.608913,483.068401,515.984300,542.360478
29,687.055091,633.570193,548.683305,454.157747,402.360660,344.975425,287.382876,230.611676,136.088884,112.822102,678.349298,592.065197,546.600044,428.858141,375.084759,293.449085,214.629621,150.648523,110.593756,34.704345,649.741952,590.401732,529.484229,423.691527,348.273032,293.700774,194.606932,143.620833,90.503663,0.000000,656.511870,577.201706,503.632465,460.149870,389.934213,298.464816,212.268314,187.582357,118.750103,93.117383,664.620095,581.141759,513.103788,467.881647,399.063835,316.916263,288.278087,232.248985,186.671431,187.781022,704.712353,614.964085,550.071921,452.100332,432.515879,364.575993,329.226791,271.778333,238.714827,256.303694,697.454786,663.305954,568.333505,522.181975,462.231310,401.832786,359.528120,352.853881,311.398837,322.873258,740.029792,666.430079,585.875102,570.937309,521.854354,492.878699,438.238352,407.047368,386.052473,373.596357,797.364427,699.592266,644.713802,631.007751,563.843845,541.603130,497.406522,470.824088,469.675074,492.319504,817.062499,769.176170,725.279352,665.818375,642.900409,616.627524,569.383654,521.643274,541.072859,556.571332
30,201.365409,225.622183,241.077010,308.522248,331.246791,380.945597,463.423737,534.713445,626.916705,668.219595,161.302192,134.014396,180.743656,270.347630,325.461201,386.745252,470.268827,537.566240,581.791379,669.706008,53.500759,97.426536,146.407416,244.290755,313.020195,363.629099,461.979259,513.908573,568.744757,656.511870,0.000000,90.407307,155.602476,197.714030,268.809631,361.611982,450.999884,505.424343,608.182379,658.990921,63.363757,143.959865,169.957235,215.665094,298.946172,383.425873,440.714915,528.782471,592.762488,671.151921,176.739526,180.559554,230.362209,288.861896,316.081456,406.220827,485.721345,561.756102,616.695466,728.707915,248.766663,270.095920,271.423225,320.793423,391.036888,477.482738,525.109632,589.117350,656.881238,734.233905,308.118018,308.313834,342.696964,367.751944,466.569870,503.241523,554.624873,629.746728,708.496389,774.724643,383.655252,396.750252,405.450644,462.615723,529.143507,547.637215,591.863771,656.514532,734.965149,797.736554,466.323919,469.206571,504.879564,542.735293,577.927180,630.420239,670.492090,711.637191,793.367292,856.658133
31,255.263451,258.530640,242.759244,281.785130,290.756565,331.134457,409.806205,476.061090,559.131993,597.916411,218.391674,151.865332,176.442532,226.665241,274.366502,322.634242,402.606220,467.091552,509.655241,592.699026,117.841966,108.949830,117.261645,185.478196,243.384439,288.204934,383.880415,436.518756,488.043259,577.201706,90.407307,0.000000,74.363458,117.970617,187.270345,279.333718,368.120526,419.082404,522.332747,574.040209,88.742468,74.409959,79.615752,125.429126,208.802933,294.251583,350.985832,439.378678,504.160115,582.497798,171.527773,128.721722,154.692136,199.872977,226.704677,315.974069,395.390789,471.452968,526.760727,638.914062,221.440507,227.262702,201.265119,241.836408,305.795608,389.026677,435.378952,499.220449,566.481714,643.833147,284.173665,261.908762,274.902355,296.510289,386.820127,420.337656,467.707300,540.969995,618.627040,684.382304,362.558095,348.895739,345.567259,396.796433,452.033314,467.886059,507.771881,569.808156,646.885352,709.303860,435.975096,427.811634,451.177793,476.956832,507.215151,554.410084,589.102620,626.204813,706.802794,769.156488
32,274.033916,259.447924,219.529123,232.786389,231.533269,265.118249,340.859381,404.680712,485.209080,523.669915,243.205005,157.461317,157.848363,168.387728,208.961348,250.253448,328.932290,392.896693,435.319115,518.631581,164.361337,125.087439,93.367275,118.888511,169.910277,213.844780,309.882802,362.434663,414.882078,503.632465,155.602476,74.363458,0.000000,43.670664,113.975423,206.665798,295.916444,349.919527,452.586682,503.438561,163.057055,111.576060,55.139531,76.101400,152.279702,231.065785,289.563245,376.231145,438.633716,516.983702,233.700456,168.192290,159.639453,163.419274,186.362430,265.904938,342.968701,413.256614,465.566907,576.791070,268.263560,262.141454,208.681803,230.780716,277.110860,348.013950,387.751979,449.942748,511.208606,586.900134,329.556234,291.178964,279.624663,295.087150,367.703654,394.022725,430.592465,496.847153,568.772920,630.066375,406.849017,372.431644,356.653029,398.808709,436.052680,446.921443,477.325661,532.144550,604.501899,665.377990,471.684277,454.690542,465.682806,476.946208,499.981464,538.453849,563.290974,591.353957,668.513684,727.922551
33,295.915996,272.504196,219.848302,213.774760,203.859632,230.607239,303.047813,364.429362,442.355538,480.388192,268.849340,178.446446,165.399479,143.968870,175.966128,209.439943,286.459834,349.715983,391.877908,474.978928,201.204422,153.782747,107.094039,88.296239,128.104022,170.263224,266.258121,318.782408,371.607478,460.149870,197.714030,117.970617,43.670664,0.000000,71.096269,163.900542,253.285861,309.184232,411.269256,461.547247,206.573354,145.631542,77.073815,68.545271,125.289267,195.647182,254.712980,339.483298,400.041429,478.201675,271.802136,198.946925,175.041398,152.232284,170.594526,239.828197,313.929255,379.650533,429.713823,540.007512,299.051841,287.401904,222.007352,232.329446,265.630167,326.705465,361.472934,422.007274,479.007394,553.354942,358.667670,312.927588,288.522647,299.984005,360.209175,381.570800,410.758688,471.915479,539.776741,598.031895,434.529187,389.591355,367.236061,403.467147,429.431216,437.098725,461.255865,511.074389,580.043999,639.696502,494.237487,472.607273,476.594258,479.373700,497.891313,530.759006,549.379886,571.665842,646.307596,703.676622
34,351.750968,319.260038,253.130114,217.183833,190.513087,198.407967,258.656599,311.486804,379.423377,415.249497,328.848773,236.709490,211.329615,145.295197,152.409933,158.287829,226.386890,285.613285,326.010155,405.751277,270.482546,218.871010,164.476843,91.162204,78.994927,104.954672,196.946386,249.709360,300.946707,389.934213,268.809631,187.270345,113.975423,71.096269,0.000000,92.814336,182.191038,239.140839,340.641470,390.589591,275.025411,201.041713,129.436624,93.409003,90.845127,135.008105,193.379811,274.171452,332.061717,409.822362,328.927512,247.152534,203.872496,143.221391,150.482218,194.562451,261.011762,318.545071,365.087116,473.811343,343.905741,324.027281,243.871231,235.216870,244.712886,286.470394,312.140279,369.122939,419.202852,491.305638,399.565406,343.298498,299.754654,304.326293,342.049159,354.614542,371.024618,423.151223,484.259410,537.879364,471.824659,410.603127,378.275272,403.963975,410.927300,413.203892,426.766124,467.936939,531.051609,588.495675,522.196129,493.243851,485.724814,474.637839,485.486762,508.771049,517.166807,530.094360,600.292380,654.282223
35,430.477353,390.296836,314.601523,251.827133,209.395671,189.117209,220.608683,254.165946,301.472776,332.803514,411.700250,319.884071,286.127732,190.371484,166.484327,123.275241,160.280006,207.523682,243.354654,315.998101,361.668452,307.355797,249.563428,154.440208,88.803208,50.499666,109.021036,161.366992,208.811783,298.464816,361.611982,279.333718,206.665798,163.900542,92.814336,0.000000,89.397526,149.890522,249.229480,298.270389,366.256317,284.853301,215.292272,171.683677,118.822124,87.290166,131.157724,196.398546,246.909984,323.136347,411.011461,324.089857,267.842574,181.216849,173.353871,167.596902,210.762899,248.469428,286.610282,391.004754,414.910745,387.959542,298.140922,270.663354,249.330742,257.136757,265.089672,312.970967,349.053972,415.990767,465.422495,400.376404,338.946625,335.401059,342.003372,341.276490,337.147120,372.357017,420.527122,465.404974,532.488635,455.335755,412.996638,424.959982,406.762300,401.356767,398.714817,425.050693,477.335065,530.311713,571.773304,535.189536,514.376145,486.380186,486.818601,496.260188,489.694834,488.143740,550.149625,598.144856
