node_id,0,1,2,3,4,5,6,7,8,9,10,11,12,13,14,15,16,17,18,19,20,21,22,23,24,25,26,27,28,29,30,31,32,33,34,35,36,37,38,39,40,41,42,43,44,45,46,47,48,49,50,51,52,53,54,55,56,57,58,59,60,61,62,63,64,65,66,67,68,69,70,71,72,73,74,75,76,77,78,79,80,81,82,83,84,85,86,87,88,89,90,91,92,93,94,95,96,97,98,99
0,0.000000,38.238202,130.227135,207.876489,275.207433,371.318118,434.742520,529.466731,574.243269,663.275941,55.965304,74.430970,160.208951,200.631146,272.572711,388.545025,450.004399,531.416505,604.881951,667.225934,151.456483,162.700597,220.636939,241.822861,308.120160,399.600994,487.152423,561.186822,627.465953,678.778562,195.182472,239.686666,292.303726,325.370213,387.005509,418.241158,519.742617,553.530995,632.242471,704.969571,291.730945,299.839196,344.384011,362.656872,407.516371,501.377627,547.367795,617.118130,671.295670,733.185713,355.084172,366.352561,427.767218,441.645273,511.003707,530.732053,591.756660,668.297129,707.855034,811.580068,452.767159,474.037985,471.798616,496.176823,576.061861,588.954090,636.178195,736.817650,788.466397,833.190658,502.480619,554.418307,536.443327,566.687417,619.713159,643.457391,717.760366,755.247372,812.164517,885.465865,582.995336,607.444770,641.676588,627.328390,695.431155,713.606732,749.523174,804.329277,869.397451,912.073666,658.598867,673.374451,691.632859,708.363947,754.748708,802.810607,842.624465,894.856044,921.398464,988.692767
1,38.238202,0.000000,92.119114,170.022093,236.976276,333.086702,396.514357,491.319621,536.005207,625.055072,71.729970,52.089450,126.707866,164.748663,235.509326,350.733796,411.981409,493.292403,566.915249,629.071258,159.793127,151.543873,196.846278,209.674863,274.422454,363.757016,450.824061,524.317955,590.191286,641.228600,195.037766,228.926897,270.542089,298.007919,354.993678,385.122368,485.467910,517.708925,596.409752,668.370909,289.584220,291.748137,328.033554,338.358561,378.689112,470.306503,514.523325,582.249319,636.373874,697.502775,356.011141,359.285854,410.832991,420.728168,485.370065,502.293587,560.492828,635.444071,674.247459,777.277931,449.554995,465.419521,459.511818,477.940564,552.893393,561.579446,608.224052,706.315405,756.647423,800.526804,499.001536,545.555825,523.917847,549.378668,600.051671,618.748320,691.906224,726.768726,781.956745,853.972974,581.275876,601.061079,629.345907,610.903281,675.350334,690.689342,725.145878,777.977908,840.036526,881.579786,656.854013,666.466289,681.069025,692.426225,737.072784,782.529867,819.742058,868.732914,893.416930,959.590498
2,130.227135,92.119114,0.000000,84.156890,145.308663,241.852444,305.288323,400.828610,444.452320,533.835585,144.778118,83.929285,61.350024,81.036783,145.544588,258.834338,319.871983,401.191571,474.830527,537.000988,202.544474,154.459672,154.883437,137.683279,194.306412,276.249027,361.798537,433.995811,499.048403,549.619031,215.381962,219.690046,227.266041,236.604575,278.218597,304.795913,401.308080,429.687370,508.206349,578.460849,296.022613,283.589457,296.241801,284.183557,310.485865,394.571343,433.821874,496.285201,550.155872,609.479912,365.932025,349.790822,374.094307,373.155556,423.876602,433.159007,483.518601,554.139733,591.007258,692.205753,446.128987,448.260686,433.303805,436.009403,496.858879,494.574357,539.319575,630.462553,677.423172,719.186452,493.601083,525.923075,495.579397,508.442735,552.371774,558.009465,627.672815,655.796946,706.522973,775.255671,578.426621,586.529261,599.695416,571.263968,625.752674,633.828896,664.369669,711.987239,766.443715,805.154324,652.752346,649.680087,655.113042,653.014492,692.897640,731.525204,762.068342,802.875601,822.965419,886.262111
3,207.876489,170.022093,84.156890,0.000000,75.829840,166.287177,229.102122,322.239785,368.921993,456.877219,228.613342,168.013487,113.190250,90.706670,106.779251,196.220775,252.070981,330.449347,406.246336,464.884146,283.315024,225.439876,197.747453,148.385834,178.110805,233.528939,310.952223,376.984326,437.646534,485.221680,288.855839,278.386662,258.836837,246.523307,260.384484,278.306751,362.668146,380.487767,457.242231,521.413798,359.295675,338.752209,332.825426,298.943260,304.803509,372.771357,401.655102,451.385090,503.875789,557.933798,428.749955,401.016694,402.118450,390.231654,422.340530,420.644030,457.043487,518.387500,550.865236,647.132410,498.563152,490.593101,468.653332,456.583593,499.994898,483.434675,524.441657,603.326520,643.960770,681.447656,543.604719,564.408425,527.340815,527.948985,563.777806,553.884310,617.725069,635.947051,679.160253,741.768891,628.730262,627.982360,628.111126,590.680777,633.653403,633.162591,658.378054,698.506716,741.384829,775.271652,701.143470,688.369189,685.955085,671.230408,705.641517,736.324179,758.697239,788.607360,802.094529,860.639030
4,275.207433,236.976276,145.308663,75.829840,0.000000,96.784149,160.124838,256.286991,299.146055,388.588524,286.865019,223.465424,145.064578,102.514727,58.240411,120.390978,177.261867,257.122489,332.069054,392.521786,324.577943,254.946173,202.064532,134.360965,132.468190,163.401572,236.420945,301.234840,361.922235,409.945633,317.810697,290.149013,245.469152,214.963522,205.129452,216.138582,291.957757,306.001502,382.143770,445.600152,372.163040,343.290351,318.947099,267.421521,256.253271,310.748716,333.447032,377.753934,429.685299,482.589341,438.823295,398.798586,377.265202,356.269419,372.731509,363.466868,391.043029,447.604292,478.326090,572.927313,494.929234,476.636586,448.496187,423.535939,452.154560,426.035385,464.173400,535.809481,573.508210,609.307357,536.419800,545.164618,502.500287,492.407919,521.112063,500.105320,559.502503,571.887099,611.158333,670.994302,620.481103,610.617016,598.573990,554.008986,587.404911,580.822492,602.286011,637.572139,674.187649,705.833705,689.937842,667.523863,657.844344,632.536941,662.288317,686.854995,703.545701,726.738004,736.685948,792.795868
5,371.318118,333.086702,241.852444,166.287177,96.784149,0.000000,63.445178,159.613124,203.046990,292.012494,383.527782,320.039011,238.603905,193.577070,126.363717,63.070045,92.576659,165.259973,241.939422,298.710033,416.905544,343.641410,279.436971,206.996901,172.759610,139.507868,179.155631,227.916940,280.210994,323.772048,404.724279,367.620619,305.385028,258.490619,213.357049,207.217722,249.505318,244.910097,314.322763,367.823626,447.781920,413.441468,373.572907,305.616938,270.407011,292.709724,297.095170,318.959950,366.699524,411.079483,510.753025,461.330966,416.848254,385.192483,376.461250,353.126789,358.457063,398.572903,422.050030,507.774593,553.615222,525.205133,490.931101,450.627869,455.545931,412.400642,443.038753,494.936151,523.161110,552.631210,590.712864,586.085592,537.711688,513.660715,530.853504,491.213220,540.262844,539.303939,567.648627,618.385592,672.182591,652.424271,625.484261,571.980652,589.723800,572.620437,586.483857,611.056569,632.044994,657.026208,737.462519,704.255262,685.552700,645.858824,667.881317,681.851495,687.891179,696.904353,698.432248,747.705975
6,434.742520,396.514357,305.288323,229.102122,160.124838,63.445178,0.000000,97.112327,139.832669,228.567452,446.599577,383.044238,300.160490,254.566762,183.889980,81.634037,56.653849,107.181606,184.111216,237.057393,477.160448,402.293906,333.560904,261.139002,216.339206,153.550862,158.627448,187.463443,229.723648,268.501404,462.093178,420.454933,350.702561,297.491457,236.690131,220.676505,234.805270,214.845136,275.253995,319.113955,498.811825,461.916592,414.471706,339.750256,292.822158,293.209877,284.124413,287.297420,330.175013,366.816792,559.206348,505.058422,448.435081,411.409955,387.587093,355.947782,345.540043,372.146778,389.539496,467.148182,594.121685,560.144534,522.773670,474.123072,464.178118,410.962366,435.634076,472.455442,493.338926,517.788221,628.287567,615.733006,564.545690,532.354499,542.010352,490.996890,532.141379,521.966254,542.154206,585.792236,707.508996,681.916648,646.085902,587.690356,595.161825,571.399445,579.965289,596.900666,606.756121,626.778687,769.766560,730.163527,706.014428,657.651865,674.446647,681.330238,680.213967,679.509686,675.211058,719.329586
7,529.466731,491.319621,400.828610,322.239785,256.286991,159.613124,97.112327,0.000000,56.969490,135.619700,543.124247,479.650586,397.272093,351.664389,280.434210,169.631552,114.135371,74.725645,127.502870,158.122736,574.046108,498.662587,427.835521,355.876205,305.821489,226.117169,192.255878,179.598251,190.592149,211.752283,557.775400,513.507673,438.859421,381.618615,309.839785,285.620915,264.444437,222.563219,258.240522,276.921921,590.234087,551.549874,498.185976,418.732304,362.256477,338.088504,311.453256,283.709157,313.982855,332.357841,648.306603,590.388138,522.823920,480.980871,440.890220,400.263844,368.697824,372.094593,377.679618,436.471254,675.791917,636.521506,596.354090,539.441528,512.046216,447.336638,462.723508,474.851295,482.397915,496.941486,706.786615,685.896580,632.167183,591.075701,591.294963,526.457959,555.258134,531.229567,537.419512,567.495107,783.108933,751.291930,705.452622,641.878994,635.990103,603.548197,604.333206,609.377572,600.897727,611.891974,841.659375,795.006766,764.555412,705.869010,715.535810,712.533572,701.038191,685.344664,671.585626,706.220712
8,574.243269,536.005207,444.452320,368.921993,299.146055,203.046990,139.832669,56.969490,0.000000,90.535241,584.232265,520.610162,435.111071,389.035351,315.408551,197.852408,135.041734,60.374995,75.973281,101.759012,608.404323,531.099041,455.861622,385.572702,329.164640,238.687626,183.932061,148.796323,142.508061,156.691204,587.901626,538.701107,458.247718,397.695133,318.547342,289.419273,247.379192,196.149980,216.823774,224.858697,612.399143,571.563256,512.055874,429.334797,366.446233,326.540505,290.613144,247.652691,271.004835,281.904745,666.968011,605.039250,527.868717,482.741707,431.826462,386.433760,343.486128,334.951080,335.106780,386.059582,686.015119,642.098125,599.892714,537.120390,498.188727,427.652821,437.484481,436.980394,438.684201,449.325079,713.761269,685.845351,630.568085,583.370598,577.283173,504.891667,526.509744,495.837397,495.691889,520.260029,786.995279,750.145265,697.128614,630.546288,616.274583,579.149148,575.701118,574.712902,558.172576,565.607320,842.052075,790.068277,755.224448,690.083787,695.288955,686.642806,669.748014,647.019899,629.301913,660.093874
9,663.275941,625.055072,533.835585,456.877219,388.588524,292.012494,228.567452,135.619700,90.535241,0.000000,674.366935,610.745943,525.594580,479.530996,405.942956,288.131583,224.904541,145.505538,108.578400,62.248566,698.824433,621.329434,545.310577,475.520405,417.715710,324.036327,258.377471,202.932892,163.108266,144.052697,677.663812,627.134029,544.615299,482.836069,400.469940,368.739528,309.806942,250.782636,243.475800,218.631525,699.485190,657.783811,595.249746,511.121596,444.625550,391.741222,346.424212,282.579677,289.413713,277.414633,752.234831,688.253289,604.899267,557.544737,497.184409,447.518418,391.171951,362.616006,350.798212,376.673483,765.990228,718.775879,675.171999,607.744724,557.065601,480.551715,482.304038,459.487422,447.704996,447.222390,791.187253,757.408764,701.057052,648.118693,634.884854,553.654627,563.892846,521.882620,508.136725,517.639756,861.562819,820.302831,760.200539,690.765877,665.992115,622.574970,612.448256,600.669267,566.947960,564.888135,913.236718,856.194282,816.748220,744.276451,743.410670,726.407740,700.622666,664.467866,638.011272,658.412194
10,55.965304,71.729970,144.778118,228.613342,286.865019,383.527782,446.599577,543.124247,584.232265,674.366935,0.000000,63.623219,152.567646,197.891992,272.643833,391.835071,454.997331,537.385977,608.226206,673.175433,95.534190,118.244956,189.462559,226.055902,294.611502,391.798418,480.532647,556.695462,624.983158,677.978285,141.285763,192.180464,255.988621,297.262100,367.643788,401.353701,505.286406,544.286797,622.607284,698.417935,237.923128,249.380122,300.663359,328.846501,380.936885,478.608624,528.611874,603.997967,658.101220,722.535439,299.952052,314.743965,383.903533,402.281006,477.850498,502.312998,568.831855,648.913667,690.392330,795.852580,398.867006,422.952682,423.381626,453.280580,538.855218,558.255447,606.285477,711.558651,766.032377,812.735826,448.597407,503.263026,487.969597,522.476482,577.872414,608.179903,683.982466,725.870077,786.041646,861.995635,528.348090,554.754646,592.761438,582.023167,653.834738,675.528490,713.393527,771.097577,841.398083,886.307602,603.897352,620.867926,641.330026,662.382524,710.370545,761.183408,804.171167,861.042344,890.683691,959.935934
11,74.430970,52.089450,83.929285,168.013487,223.465424,320.039011,383.044238,479.650586,520.610162,610.745943,63.623219,0.000000,90.865374,135.184868,209.701539,328.606886,391.620090,473.957970,545.171275,609.802522,124.044711,100.623241,146.907458,169.309456,236.851116,331.591113,420.029209,495.530566,563.255541,615.829445,149.680383,177.530827,219.719516,250.948554,313.844764,345.935014,448.558092,484.958356,563.540530,638.122936,241.516090,240.920019,275.994015,288.935878,333.132172,427.552286,474.618101,546.641726,600.834084,664.024725,309.366658,308.606183,358.880838,369.725081,436.928894,456.305183,517.966438,595.454190,635.673326,740.118631,400.225210,414.098403,407.533894,426.221781,502.945502,514.567978,561.754020,662.692390,714.876387,760.120252,449.444360,494.109760,471.901150,497.518664,548.720928,569.712625,643.672825,680.817045,737.946187,811.686863,532.403821,550.260905,577.327111,558.938953,624.165764,640.653949,675.925997,730.132747,795.020333,837.918629,607.864947,615.458811,629.242376,640.423055,685.310230,731.431998,769.715191,820.721491,846.980806,914.285584
12,160.208951,126.707866,61.350024,113.190250,145.064578,238.603905,300.160490,397.272093,435.111071,525.594580,152.567646,90.865374,0.000000,46.109985,120.710895,240.207378,303.747565,386.231349,456.053810,521.682348,179.531608,113.468745,94.281671,83.338252,147.977888,240.816573,329.179243,404.699243,472.603327,525.437439,177.182521,166.628187,165.944901,177.792404,228.413098,258.468269,359.533714,394.380572,473.025167,547.278002,246.604974,228.818630,235.580939,223.826548,254.966314,344.072784,387.835022,457.020382,511.210530,573.698238,316.313047,293.447253,312.814039,312.147751,365.914800,378.487702,434.092806,508.765459,547.829508,651.373699,390.610577,389.223057,372.814485,374.708766,437.491697,438.969083,484.713680,580.258879,630.008736,673.830780,437.161881,466.146761,434.715730,447.141665,491.610506,500.063058,571.075766,602.437906,656.053977,727.409557,522.256271,527.513834,538.607078,509.944575,565.318042,574.861279,606.572657,656.206136,714.749957,755.458599,595.948976,590.102578,594.287321,591.708053,631.879239,671.402733,703.439724,747.111354,769.439086,834.457011
13,200.631146,164.748663,81.036783,90.706670,102.514727,193.577070,254.566762,351.664389,389.035351,479.530996,197.891992,135.184868,46.109985,0.000000,74.802423,194.232580,257.704639,340.186850,410.361116,475.717807,223.402876,152.431639,108.245206,61.798421,113.270636,199.053714,286.551827,361.099497,428.312210,480.681230,215.404863,192.743890,168.461681,162.918830,197.294505,223.875129,321.629269,353.012985,431.723207,504.485153,274.759953,250.581033,242.231841,213.701977,231.732639,313.624879,353.064420,417.735720,471.808810,532.774072,343.172661,311.310609,313.088877,304.704793,347.027145,353.434645,402.482979,473.576297,511.054484,613.156229,408.802222,399.889004,378.433386,370.023122,422.032611,415.298298,459.404969,549.438510,596.540546,638.693971,453.341202,473.946193,437.824592,442.027601,481.504690,480.761045,548.943803,575.296605,625.505828,694.335715,538.412570,537.342034,539.545429,504.959483,553.356922,557.915651,586.769830,632.581158,685.536876,724.118111,610.582263,597.971829,596.875166,586.152875,623.037346,657.943268,685.435730,723.400302,742.455036,805.354514
14,272.572711,235.509326,145.544588,106.779251,58.240411,126.363717,183.889980,280.434210,315.408551,405.942956,272.643833,209.701539,120.710895,74.802423,0.000000,119.499167,183.093796,265.569106,335.583089,400.971867,293.786692,218.406915,153.704704,81.999875,75.781991,131.933994,216.278480,288.830731,354.931347,406.687794,278.668197,242.244455,189.264783,156.732174,154.387863,171.599130,259.697272,284.450609,362.833915,433.075488,323.279495,291.348920,261.992875,209.254203,201.971653,265.993075,296.427062,352.293848,405.842057,464.122445,388.042208,344.099054,319.036392,298.469274,319.373067,314.576567,350.743717,414.713048,449.232033,548.509127,439.384534,419.153486,390.421255,365.726653,398.188739,377.393457,417.840296,497.362778,539.700384,578.901705,479.956690,487.078729,444.260557,435.033869,465.416054,449.179081,511.586317,529.203280,573.327636,637.646908,563.654792,552.624029,540.559567,496.902929,533.004359,529.179347,552.900690,591.879252,635.201961,670.111374,632.556086,609.321299,599.751890,575.925148,606.962125,633.888904,653.625287,681.894348,695.465234,754.628457
15,388.545025,350.733796,258.834338,196.220775,120.390978,63.070045,81.634037,169.631552,197.852408,288.131583,391.835071,328.606886,240.207378,194.232580,119.499167,0.000000,63.751065,146.136665,216.722155,281.485877,410.749902,333.247272,259.094490,187.980922,136.477460,78.140997,121.373868,181.095910,241.848974,291.055294,390.416450,344.000526,270.362112,215.968006,157.520919,146.599549,187.973771,189.885992,263.739500,325.245572,420.660138,382.460066,332.995591,258.284106,214.413264,229.822401,234.848666,263.368043,313.462874,363.357958,479.504964,423.931234,367.532617,331.951771,315.964741,290.635290,295.978592,339.646740,365.844530,456.170271,512.528702,478.769135,441.902697,395.853125,394.497560,349.504595,379.983928,434.192912,465.062946,496.970738,546.694905,535.493946,485.136450,456.472950,470.688214,428.504976,477.205342,477.211902,507.679640,561.274707,626.145477,601.774678,569.391047,513.557158,528.065587,509.859296,523.418243,548.394880,571.861095,598.704181,688.960276,651.250124,629.449332,586.047838,606.558452,619.227196,624.821161,634.651135,637.501016,688.429954
16,450.004399,411.981409,319.871983,252.070981,177.261867,92.576659,56.653849,114.135371,135.041734,224.904541,454.997331,391.620090,303.747565,257.704639,183.093796,63.751065,0.000000,82.483867,155.046511,218.183813,474.290683,396.485087,320.834043,250.630328,194.837747,112.276508,102.050692,136.485560,187.941007,233.333383,452.885553,404.174832,326.129950,267.811840,196.410204,174.672282,178.407196,159.439713,223.856478,275.249928,479.022784,439.235743,384.164533,304.671646,250.143058,239.737494,227.752021,232.696443,277.636706,319.059889,535.542312,476.525836,409.687097,369.251465,337.316214,302.708993,289.056902,316.415918,335.504289,417.057704,561.667254,523.053041,483.540617,429.614117,412.375786,356.208298,379.634769,416.213721,438.616021,464.849377,592.972894,574.324877,521.523094,484.748057,490.864554,436.299516,475.924001,465.344769,486.451118,532.059299,669.926933,640.096686,598.985674,538.356121,541.794321,516.302128,523.909875,540.252410,551.062906,572.313051,729.620061,685.830070,658.640628,606.398499,621.270942,626.234842,623.945386,622.921898,619.201286,664.403639
17,531.416505,493.292403,401.191571,330.449347,257.122489,165.259973,107.181606,74.725645,60.374995,145.505538,537.385977,473.957970,386.231349,340.186850,265.569106,146.136665,82.483867,0.000000,77.050231,135.946623,555.989956,477.734907,400.382039,331.405874,272.325415,179.213215,125.092275,105.078387,126.853434,161.523758,533.014599,481.659524,399.474360,338.278999,258.270820,229.069490,192.823499,148.009572,186.465147,216.367897,554.131535,512.739158,452.088119,369.093554,306.128150,269.683338,238.554783,209.607918,242.576928,268.074822,607.703584,545.105284,467.574032,422.719208,374.292985,330.748901,294.710375,297.987358,305.633016,371.113403,625.670551,581.802511,539.740429,477.830007,442.730911,375.203779,388.865259,400.744494,410.605158,428.039427,653.413376,626.218014,571.200978,525.584925,521.999309,453.748018,480.814349,456.652202,464.491306,498.004786,726.865785,690.752968,639.649595,574.143683,564.080123,530.035953,529.928738,534.710564,528.323891,541.505791,782.410839,731.596381,698.142975,635.769960,643.478651,638.707104,626.375716,611.167059,598.714554,635.542214
18,604.881951,566.915249,474.830527,406.246336,332.069054,241.939422,184.111216,127.502870,75.973281,108.578400,608.226206,545.171275,456.053810,410.361116,335.583089,216.722155,155.046511,77.050231,0.000000,70.325469,620.982737,541.761648,461.352111,395.397107,332.030957,232.680148,156.232851,94.438679,67.124596,86.176098,594.192320,538.429737,451.351063,387.904540,302.006580,267.976216,201.578867,142.208747,144.815441,149.620771,606.681484,563.386822,496.461688,411.243641,341.911468,283.641279,237.949621,179.775338,197.172792,206.073392,655.669077,589.013537,500.422474,451.966150,388.887869,338.947108,284.312679,264.645114,261.111665,310.270248,663.162896,613.748419,569.484093,500.363225,448.577494,372.749972,376.692830,365.394407,363.833048,373.407324,686.456479,650.086396,593.494773,539.638909,526.559237,446.991348,461.599566,425.716850,421.629168,444.368784,755.220525,712.538469,651.624640,582.246739,559.254777,517.840877,510.587199,504.792310,483.551039,489.855121,805.664139,747.756940,708.193565,636.562257,637.243268,623.377356,602.034696,574.503095,554.785619,584.342067
19,667.225934,629.071258,537.000988,464.884146,392.521786,298.710033,237.057393,158.122736,101.759012,62.248566,673.175433,609.802522,521.682348,475.717807,400.971867,281.485877,218.183813,135.946623,70.325469,0.000000,689.166181,610.231718,530.592736,463.717040,401.348669,302.634866,226.206781,159.513184,107.118568,81.818935,663.492352,608.438270,521.654940,458.229953,372.214861,337.911311,266.191080,204.647071,185.680380,156.392973,676.993123,633.710742,566.489078,481.153976,411.170675,348.079001,297.921382,226.438961,228.871056,215.228567,725.886822,658.917195,568.578855,519.429716,452.203866,400.387250,337.988460,303.263027,289.400543,315.129809,731.990445,681.404169,636.673764,565.660176,507.637720,428.715042,427.069987,398.602777,385.540405,385.176381,754.248873,715.254070,658.313002,601.591805,584.302926,499.474716,505.802239,461.383154,446.081768,455.706290,821.584729,776.794288,712.109012,641.314653,611.655370,566.094478,554.008970,539.957901,504.719615,502.866878,870.228085,809.698612,767.551155,691.574515,688.186916,668.476918,640.606578,602.622189,575.769835,596.525884
20,151.456483,159.793127,202.544474,283.315024,324.577943,416.905544,477.160448,574.046108,608.404323,698.824433,95.534190,124.044711,179.531608,223.402876,293.786692,410.749902,474.290683,555.989956,620.982737,689.166181,0.000000,79.787812,164.241035,225.586568,290.921199,392.121531,479.514342,557.287598,627.595248,682.553629,55.576851,123.909659,209.982577,265.452680,348.408102,385.069096,489.750373,536.948939,612.919607,692.829263,147.652632,168.207526,234.288763,283.117857,347.255837,448.638177,504.694649,588.535516,641.539113,709.477336,205.760822,228.829795,314.287755,341.812165,427.975958,461.022114,536.365831,621.453303,665.747819,772.966203,306.954276,336.906881,343.089658,384.214450,479.775922,511.423971,560.159703,672.546469,731.508431,781.272402,356.543540,416.500932,406.826901,449.673128,509.142792,551.807767,629.529954,679.139499,744.639100,824.683122,434.678079,464.725674,509.959585,506.418868,584.829073,613.045838,654.231772,716.815614,796.095707,844.678816,510.056850,531.010673,555.607028,584.872296,635.636033,691.333160,739.969502,805.008616,840.090714,912.428809
21,162.700597,151.543873,154.459672,225.439876,254.946173,343.641410,402.293906,498.662587,531.099041,621.329434,118.244956,100.623241,113.468745,152.431639,218.406915,333.247272,396.485087,477.734907,541.761648,610.231718,79.787812,0.000000,85.117112,146.530278,211.171610,312.368223,399.731524,477.502226,547.808281,602.781630,63.714518,77.566956,140.510371,189.846131,270.093043,306.399032,411.286455,457.520743,533.830591,613.398786,143.472729,140.325356,182.714759,214.351625,273.116269,373.707096,428.119742,510.273058,563.575477,630.983377,212.845844,207.989360,266.093355,284.275123,362.651796,390.913728,462.658862,546.234226,589.770566,696.673951,300.098825,313.887380,309.348918,335.230025,421.309716,444.504930,492.965958,601.936496,659.058967,707.720191,349.131768,394.065832,373.959768,404.895924,459.684074,491.338332,567.783799,612.541270,675.303504,753.553441,432.511491,449.686039,479.294135,465.035816,535.632956,557.604250,596.053215,655.065466,728.870910,775.595578,507.841582,514.977783,530.083825,545.866548,592.932441,642.998244,686.119221,744.593607,776.032088,846.578598
22,220.636939,196.846278,154.883437,197.747453,202.064532,279.436971,333.560904,427.835521,455.861622,545.310577,189.462559,146.907458,94.281671,108.245206,153.704704,259.094490,320.834043,400.382039,461.352111,530.592736,164.241035,85.117112,0.000000,72.571179,129.324100,229.869435,316.121864,393.895885,464.399245,519.652215,132.905798,88.618005,74.564136,107.976105,185.071735,221.286122,326.190028,372.710942,448.785210,528.589663,170.242446,142.626406,141.381645,142.056116,191.794999,290.913299,343.901160,425.204729,478.579625,545.873027,236.894945,203.290960,220.014703,224.468545,290.456347,312.875061,380.647016,462.816104,505.779826,612.423031,300.833672,295.506006,278.557642,284.135585,356.151110,369.429836,417.200477,522.293308,577.664400,625.362421,345.997341,371.962431,340.697520,356.363101,404.252498,422.862709,497.193424,536.697509,596.620212,673.111993,431.155374,433.711785,444.933632,418.808869,479.157102,493.916578,529.029405,583.892832,651.999211,696.903070,504.021969,495.974386,500.230449,500.640149,542.844254,586.142751,622.979266,674.321650,702.036226,770.684159
23,241.822861,209.674863,137.683279,148.385834,134.360965,206.996901,261.139002,355.876205,385.572702,475.520405,226.055902,169.309456,83.338252,61.798421,81.999875,187.980922,250.630328,331.405874,395.397107,463.717040,225.586568,146.530278,72.571179,0.000000,68.680522,168.345085,256.936282,334.251223,403.934450,458.339162,202.435813,160.643820,113.029325,101.141645,145.357308,176.638490,279.550339,318.776170,396.830305,473.741028,241.336007,209.688551,187.379665,152.055973,172.909844,260.757279,305.560173,378.039794,432.183277,496.516469,306.136826,264.486237,253.788783,243.209965,286.519935,295.995323,350.846850,426.479971,466.381317,570.875047,360.891012,345.807073,321.316570,308.913314,360.707658,357.069777,402.238225,496.925110,547.019853,591.375861,403.188451,417.571294,379.153482,380.719756,419.706401,420.552890,490.000174,519.506553,572.715851,644.300494,487.703828,481.954178,479.735002,443.612832,491.632006,497.023809,526.823679,574.477824,631.491268,672.134746,558.321492,541.221317,537.589819,524.663184,561.252160,596.399581,624.909672,665.382813,686.593815,751.224359
24,308.120160,274.422454,194.306412,178.110805,132.468190,172.759610,216.339206,305.821489,329.164640,417.715710,294.611502,236.851116,147.977888,113.270636,75.781991,136.477460,194.837747,272.325415,332.030957,401.348669,290.921199,211.171610,129.324100,68.680522,0.000000,101.200340,189.087518,266.709958,336.806073,391.647312,262.173774,209.541458,134.385586,86.739935,84.657522,110.962267,211.764091,250.116708,328.151611,405.232220,284.502962,245.990879,200.819747,137.141759,126.953325,200.667715,240.403003,309.830403,364.013952,427.924217,343.101823,289.470137,248.535950,224.199504,244.560642,243.671457,289.224458,361.212191,399.868143,503.515088,380.897246,353.662411,321.566116,291.425617,322.917869,306.268399,348.750491,436.214351,483.514922,526.356807,418.145749,417.802599,372.601460,359.952423,389.636223,375.782522,440.540835,463.205118,512.297129,581.235695,500.149691,483.877369,466.798792,421.555568,457.481628,455.120258,480.489427,522.622213,572.565359,610.847919,566.702431,538.623108,526.306117,500.294504,531.206746,558.948840,580.631803,613.180195,630.253582,692.368835
25,399.600994,363.757016,276.249027,233.528939,163.401572,139.507868,153.550862,226.117169,238.687626,324.036327,391.798418,331.591113,240.816573,199.053714,131.933994,78.140997,112.276508,179.213215,232.680148,302.634866,392.121531,312.368223,229.869435,168.345085,101.200340,0.000000,88.811524,165.906251,235.725241,290.458286,362.283623,305.803554,220.630484,159.073090,84.320843,68.496501,129.154263,153.959540,232.669549,306.649418,375.744550,333.748410,273.733740,192.710954,139.453561,154.683618,170.178321,220.383026,274.041331,333.751115,428.490659,366.590879,297.585587,258.398336,237.823786,213.910392,228.773234,284.917989,317.803773,416.582489,449.921577,410.797916,371.594570,320.586717,316.432587,274.047222,307.309272,372.536697,410.637205,448.051664,480.724261,463.229988,411.339885,379.401228,392.553337,352.225794,404.193955,410.364076,447.779652,508.350159,557.746976,529.241487,492.823068,435.840523,450.283666,433.698904,449.366228,478.588165,510.929467,542.571199,618.063866,576.698088,552.814199,507.939207,528.606565,542.657635,550.968883,566.557346,574.045011,629.412316
26,487.152423,450.824061,361.798537,310.952223,236.420945,179.155631,158.627448,192.255878,183.932061,258.377471,480.532647,420.029209,329.179243,286.551827,216.278480,121.373868,102.050692,125.092275,156.232851,226.206781,479.514342,399.731524,316.121864,256.936282,189.087518,88.811524,0.000000,77.788464,148.294938,203.712472,447.400328,387.532528,297.686617,233.601947,146.286148,111.744123,76.587308,69.583503,146.861453,218.100582,452.543319,408.539967,340.284146,255.011785,186.400893,145.846702,125.899827,142.167048,193.308570,248.083098,499.832497,432.782844,346.576388,299.868761,249.502593,208.078496,187.037288,219.417282,244.471040,336.518381,507.888900,460.569939,417.396511,353.194704,319.793709,257.409461,278.253161,316.681031,344.230372,375.608584,532.868118,502.068911,446.653554,400.594612,399.039087,337.299712,374.158764,363.957808,388.679278,440.058364,604.237010,566.231879,514.753372,449.985801,445.118619,416.354664,422.349916,438.360755,453.159951,478.037984,658.266451,606.516974,573.431815,513.691613,524.737951,526.157867,522.091411,521.683784,520.159928,568.550465
27,561.186822,524.317955,433.995811,376.984326,301.234840,227.916940,187.463443,179.598251,148.796323,202.932892,556.695462,495.530566,404.699243,361.099497,288.830731,181.095910,136.485560,105.078387,94.438679,159.513184,557.287598,477.502226,393.895885,334.251223,266.709958,165.906251,77.788464,0.000000,70.638287,126.284243,524.994175,464.368768,373.434937,309.134131,220.701026,184.346166,107.296148,48.450677,87.811198,144.759832,527.522399,482.896322,411.735290,326.075940,254.031681,189.398879,144.462985,104.830970,142.909603,183.321040,572.281946,503.203190,409.477231,360.005177,294.484412,244.638629,194.823101,193.087046,203.791572,280.604845,573.446694,521.999386,477.174052,406.579430,354.774587,280.666862,288.716342,295.798733,308.562452,330.516210,594.879555,556.275663,499.522033,445.207187,433.130987,356.780539,378.159950,351.631692,360.731316,399.071004,662.152141,618.395846,557.326236,488.302583,468.595720,430.387489,427.356379,429.828407,424.913006,441.051743,711.633156,653.318810,614.105043,544.206435,547.290678,537.877105,522.541648,506.150724,494.874227,534.428946
28,627.465953,590.191286,499.048403,437.646534,361.922235,280.210994,229.723648,190.592149,142.508061,163.108266,624.983158,563.255541,472.603327,428.312210,354.931347,241.848974,187.941007,126.853434,67.124596,107.118568,627.595248,547.808281,464.399245,403.934450,336.806073,235.725241,148.294938,70.638287,0.000000,55.761379,595.621120,534.901876,443.645145,379.324565,290.700697,253.989451,167.327787,105.186413,80.592094,89.685840,597.316127,552.434829,479.970580,394.398846,321.286570,247.299871,193.321136,119.727534,130.533669,142.095194,640.759841,570.682706,473.077772,422.433824,349.203104,296.029708,230.924553,200.473191,194.258992,246.000105,637.893169,584.073588,538.463270,464.484681,401.553733,321.850367,320.161849,299.789081,296.710542,307.083000,657.016183,613.454030,556.209619,496.916157,477.674151,392.387518,400.803396,360.985855,354.657965,377.928383,721.317886,673.806249,606.386685,535.052444,504.604058,459.769611,449.416825,440.036647,416.443866,423.118884,767.439000,704.714993,661.293869,584.477649,581.344777,563.299668,538.649306,508.120920,487.689030,517.602391
29,678.778562,641.228600,549.619031,485.221680,409.945633,323.772048,268.501404,211.752283,156.691204,144.052697,677.978285,615.829445,525.437439,480.681230,406.687794,291.055294,233.333383,161.523758,86.176098,81.818935,682.553629,602.781630,519.652215,458.339162,391.647312,290.458286,203.712472,126.284243,55.761379,0.000000,651.112742,590.631924,499.400993,435.080039,346.439494,309.676964,220.609531,159.194498,115.332536,74.789445,652.987810,608.038225,535.126930,449.634135,376.200107,298.764740,241.929383,158.107688,150.525471,133.829289,695.960443,625.478339,526.133632,475.024490,398.267444,343.922530,272.356158,226.616762,208.917872,235.369265,691.167014,636.159548,590.209306,514.618568,445.880600,363.960261,356.639054,318.758063,303.759443,304.053672,709.036106,662.757705,605.378738,543.453227,520.088423,430.196556,430.199553,382.042365,364.415798,374.810370,771.574569,721.939879,650.880973,578.454609,541.500226,492.808239,477.703782,460.176198,422.900861,421.744921,815.631171,750.340375,704.428311,623.564056,616.404112,592.682153,561.749240,521.191552,493.958969,515.665311
30,195.182472,195.037766,215.381962,288.855839,317.810697,404.724279,462.093178,557.775400,587.901626,677.663812,141.285763,149.680383,177.182521,215.404863,278.668197,390.416450,452.885553,533.014599,594.192320,663.492352,55.576851,63.714518,132.905798,202.435813,262.173774,362.283623,447.400328,524.994175,595.621120,651.112742,0.000000,71.730713,163.591085,223.500271,309.966874,347.223999,450.672566,501.085429,575.295732,656.506122,96.664677,112.792215,179.982064,234.662313,302.421698,403.921401,461.868613,548.559098,600.726763,669.758420,161.031293,174.958572,259.048926,288.071068,376.492680,412.021103,489.955879,576.400151,621.540756,728.976001,257.686408,283.321389,287.906484,328.911715,425.806496,460.386720,509.123440,623.257546,683.484859,734.132965,307.415857,363.336870,351.861909,394.105744,453.754120,498.219464,576.192102,627.575687,694.417864,775.515369,387.898347,413.610231,455.458355,450.891595,529.383190,558.270284,599.935572,663.371386,744.672203,794.182766,463.519323,479.783179,502.093421,529.504931,580.097040,635.813569,684.879551,751.113088,787.290986,860.271166
31,239.686666,228.926897,219.690046,278.386662,290.149013,367.620619,420.454933,513.507673,538.701107,627.134029,192.180464,177.530827,166.628187,192.743890,242.244455,344.000526,404.174832,481.659524,538.429737,608.438270,123.909659,77.566956,88.618005,160.643820,209.541458,305.803554,387.532528,464.368768,534.901876,590.631924,71.730713,0.000000,94.472270,157.251693,245.596085,282.953595,384.580358,437.398644,509.842168,591.835685,82.153824,64.488564,111.142107,163.448293,232.900409,334.076685,393.016377,481.410473,532.865292,602.510846,150.587711,131.989266,193.087199,217.976099,304.890350,340.423393,419.119392,506.084755,551.601476,659.049127,226.811815,236.569241,232.114174,262.981657,355.979336,388.713259,437.455697,551.572409,612.014290,662.891517,274.966581,316.636027,296.761783,330.887895,388.046058,427.904622,505.625853,556.034466,622.689407,703.831615,359.349137,373.025535,401.996946,389.935123,463.991042,489.934540,530.577511,592.906837,673.103938,722.470533,434.162357,438.018198,452.524202,470.202091,518.506358,571.054375,617.437411,681.147021,716.317393,788.958088
32,292.303726,270.542089,227.266041,258.836837,245.469152,305.385028,350.702561,438.859421,458.247718,544.615299,255.988621,219.719516,165.944901,168.461681,189.264783,270.362112,326.129950,399.474360,451.351063,521.654940,209.982577,140.510371,74.564136,113.029325,134.385586,220.630484,297.686617,373.434937,443.645145,499.400993,163.591085,94.472270,0.000000,64.321121,153.054053,190.176494,290.464775,344.389018,415.848732,498.098993,155.358966,113.315663,74.391850,73.925188,138.864137,240.333258,298.697193,386.978745,438.396116,508.055039,209.468800,156.030184,146.915759,150.205674,222.259623,251.404363,326.776263,412.844956,457.954738,565.394415,250.199216,232.811825,209.984884,209.695479,283.846936,304.024345,352.534294,462.870436,521.526664,571.450478,290.951485,305.572259,270.073015,282.008563,329.819125,352.290190,428.013914,472.074686,535.575014,614.889404,375.108372,369.393578,373.116736,344.590682,404.893431,421.307006,457.837418,515.176332,588.517314,635.793650,445.336302,429.545710,429.525418,426.419921,468.285533,512.008199,550.320783,605.054880,635.592225,706.084599
33,325.370213,298.007919,236.604575,246.523307,214.963522,258.490619,297.491457,381.618615,397.695133,482.836069,297.262100,250.948554,177.792404,162.918830,156.732174,215.968006,267.811840,338.278999,387.904540,458.229953,265.452680,189.846131,107.976105,101.141645,86.739935,159.073090,233.601947,309.134131,379.324565,435.080039,223.500271,157.251693,64.321121,0.000000,88.772892,125.987618,227.534999,280.355453,352.655824,434.584010,218.982892,175.526383,117.048802,52.924799,83.832197,183.861162,239.278934,325.074439,377.274904,446.274167,269.447216,208.770598,162.580431,143.856821,188.240205,205.596350,273.045225,356.465754,400.369290,507.528053,296.696276,267.024637,235.032512,210.657775,260.277889,263.709073,310.808457,414.340223,469.869483,518.011503,332.340820,331.447930,287.557533,281.537770,318.648634,322.325833,394.154172,429.968098,488.794302,565.154144,413.750379,397.400137,384.400159,344.190721,390.512096,397.277754,428.854601,479.999024,544.683686,589.049194,479.971318,452.948677,443.329049,424.728140,460.297582,495.492929,525.708633,570.794150,596.032776,663.676339
34,387.005509,354.993678,278.218597,260.384484,205.129452,213.357049,236.690131,309.839785,318.547342,400.469940,367.643788,313.844764,228.413098,197.294505,154.387863,157.520919,196.410204,258.270820,302.006580,372.214861,348.408102,270.093043,185.071735,145.357308,84.657522,84.320843,146.286148,220.701026,290.700697,346.439494,309.966874,245.596085,153.054053,88.772892,0.000000,37.373363,141.345042,191.805269,265.348926,346.659490,306.841223,262.437780,194.908030,110.852829,57.120243,116.355274,161.023499,240.200095,293.507946,361.069460,353.672102,287.837754,213.294898,174.735108,168.381328,160.274849,205.811058,281.671933,322.753802,428.546175,367.600231,326.709021,287.273748,238.353942,248.159393,223.082696,264.504650,352.437056,401.664986,446.282393,397.054115,379.188373,327.911580,300.303839,320.194141,295.242787,357.350218,378.547623,428.433161,498.999321,473.516729,445.301059,412.406958,358.963619,383.587306,375.747317,398.531419,438.524939,488.243419,527.424439,533.802858,493.814670,472.486601,434.175067,459.843596,481.836007,499.365147,528.931040,545.603652,608.061518
35,418.241158,385.122368,304.795913,278.306751,216.138582,207.217722,220.676505,285.620915,289.419273,368.739528,401.353701,345.935014,258.468269,223.875129,171.599130,146.599549,174.672282,229.069490,267.976216,337.911311,385.069096,306.399032,221.286122,176.638490,110.962267,68.496501,111.744123,184.346166,253.989451,309.676964,347.223999,282.953595,190.176494,125.987618,37.373363,0.000000,104.962611,154.445465,228.193915,309.328852,343.328023,298.560710,228.602107,143.267670,77.161306,94.811566,129.457687,204.067391,257.733169,324.587550,388.512237,321.038851,238.616434,195.366631,169.422100,148.973735,179.780799,250.332216,289.742868,394.544197,397.380717,352.819467,311.341842,254.946344,248.328812,210.810238,248.037551,326.813333,372.667367,415.451996,424.344127,400.299277,346.974096,311.678021,324.099036,287.191631,343.565513,357.647104,402.912621,470.465950,498.426014,465.820113,425.480478,367.529659,382.687006,368.596523,387.111386,421.598614,464.139741,500.796869,556.045400,511.184250,485.370700,439.451241,460.677036,476.796260,488.634914,511.113423,523.878120,583.767953
